#
# GMT Wed Sep 30 16:57:51 2020
# 
0 2 3 4 5 6 7 8 9 10 11 12 13 14 15 16 17 18 19 999
1 2 3 4 5 6 7 8 9 10 11 12 13 14 15 16 17 18 19
2 3 4 5 6 7 8 9 10 11 12 13 14 15 16 17 18 19
3 4 5 6 7 8 9 10 11 12 13 14 15 16 17 18 19
4 5 6 7 8 9 10 11 12 13 14 15 16 17 18 19
5 6 7 8 9 10 11 12 13 14 15 16 17 18 19
6 7 8 9 10 11 12 13 14 15 16 17 18 19
7 8 9 10 11 12 13 14 15 16 17 18 19
8 9 10 11 12 13 14 15 16 17 18 19
9 10 11 12 13 14 15 16 17 18 19
10 11 12 13 14 15 16 17 18 19
11 12 13 14 15 16 17 18 19
12 13 14 15 16 17 18 19
13 14 15 16 17 18 19
14 15 16 17 18 19
15 16 17 18 19
16 17 18 19
17 18 19
18 19
19 20
20 22 23 24 25 26 27 28 29 30 31 32 33 34 35 36 37 38 39
21 22 23 24 25 26 27 28 29 30 31 32 33 34 35 36 37 38 39
22 23 24 25 26 27 28 29 30 31 32 33 34 35 36 37 38 39
23 24 25 26 27 28 29 30 31 32 33 34 35 36 37 38 39
24 25 26 27 28 29 30 31 32 33 34 35 36 37 38 39
25 26 27 28 29 30 31 32 33 34 35 36 37 38 39
26 27 28 29 30 31 32 33 34 35 36 37 38 39
27 28 29 30 31 32 33 34 35 36 37 38 39
28 29 30 31 32 33 34 35 36 37 38 39
29 30 31 32 33 34 35 36 37 38 39
30 31 32 33 34 35 36 37 38 39
31 32 33 34 35 36 37 38 39
32 33 34 35 36 37 38 39
33 34 35 36 37 38 39
34 35 36 37 38 39
35 36 37 38 39
36 37 38 39
37 38 39
38 39
39 40
40 42 43 44 45 46 47 48 49 50 51 52 53 54 55 56 57 58 59
41 42 43 44 45 46 47 48 49 50 51 52 53 54 55 56 57 58 59
42 43 44 45 46 47 48 49 50 51 52 53 54 55 56 57 58 59
43 44 45 46 47 48 49 50 51 52 53 54 55 56 57 58 59
44 45 46 47 48 49 50 51 52 53 54 55 56 57 58 59
45 46 47 48 49 50 51 52 53 54 55 56 57 58 59
46 47 48 49 50 51 52 53 54 55 56 57 58 59
47 48 49 50 51 52 53 54 55 56 57 58 59
48 49 50 51 52 53 54 55 56 57 58 59
49 50 51 52 53 54 55 56 57 58 59
50 51 52 53 54 55 56 57 58 59
51 52 53 54 55 56 57 58 59
52 53 54 55 56 57 58 59
53 54 55 56 57 58 59
54 55 56 57 58 59
55 56 57 58 59
56 57 58 59
57 58 59
58 59
59 60
60 62 63 64 65 66 67 68 69 70 71 72 73 74 75 76 77 78 79
61 62 63 64 65 66 67 68 69 70 71 72 73 74 75 76 77 78 79
62 63 64 65 66 67 68 69 70 71 72 73 74 75 76 77 78 79
63 64 65 66 67 68 69 70 71 72 73 74 75 76 77 78 79
64 65 66 67 68 69 70 71 72 73 74 75 76 77 78 79
65 66 67 68 69 70 71 72 73 74 75 76 77 78 79
66 67 68 69 70 71 72 73 74 75 76 77 78 79
67 68 69 70 71 72 73 74 75 76 77 78 79
68 69 70 71 72 73 74 75 76 77 78 79
69 70 71 72 73 74 75 76 77 78 79
70 71 72 73 74 75 76 77 78 79
71 72 73 74 75 76 77 78 79
72 73 74 75 76 77 78 79
73 74 75 76 77 78 79
74 75 76 77 78 79
75 76 77 78 79
76 77 78 79
77 78 79
78 79
79 80
80 82 83 84 85 86 87 88 89 90 91 92 93 94 95 96 97 98 99
81 82 83 84 85 86 87 88 89 90 91 92 93 94 95 96 97 98 99
82 83 84 85 86 87 88 89 90 91 92 93 94 95 96 97 98 99
83 84 85 86 87 88 89 90 91 92 93 94 95 96 97 98 99
84 85 86 87 88 89 90 91 92 93 94 95 96 97 98 99
85 86 87 88 89 90 91 92 93 94 95 96 97 98 99
86 87 88 89 90 91 92 93 94 95 96 97 98 99
87 88 89 90 91 92 93 94 95 96 97 98 99
88 89 90 91 92 93 94 95 96 97 98 99
89 90 91 92 93 94 95 96 97 98 99
90 91 92 93 94 95 96 97 98 99
91 92 93 94 95 96 97 98 99
92 93 94 95 96 97 98 99
93 94 95 96 97 98 99
94 95 96 97 98 99
95 96 97 98 99
96 97 98 99
97 98 99
98 99
99 100
100 102 103 104 105 106 107 108 109 110 111 112 113 114 115 116 117 118 119
101 102 103 104 105 106 107 108 109 110 111 112 113 114 115 116 117 118 119
102 103 104 105 106 107 108 109 110 111 112 113 114 115 116 117 118 119
103 104 105 106 107 108 109 110 111 112 113 114 115 116 117 118 119
104 105 106 107 108 109 110 111 112 113 114 115 116 117 118 119
105 106 107 108 109 110 111 112 113 114 115 116 117 118 119
106 107 108 109 110 111 112 113 114 115 116 117 118 119
107 108 109 110 111 112 113 114 115 116 117 118 119
108 109 110 111 112 113 114 115 116 117 118 119
109 110 111 112 113 114 115 116 117 118 119
110 111 112 113 114 115 116 117 118 119
111 112 113 114 115 116 117 118 119
112 113 114 115 116 117 118 119
113 114 115 116 117 118 119
114 115 116 117 118 119
115 116 117 118 119
116 117 118 119
117 118 119
118 119
119 120
120 122 123 124 125 126 127 128 129 130 131 132 133 134 135 136 137 138 139
121 122 123 124 125 126 127 128 129 130 131 132 133 134 135 136 137 138 139
122 123 124 125 126 127 128 129 130 131 132 133 134 135 136 137 138 139
123 124 125 126 127 128 129 130 131 132 133 134 135 136 137 138 139
124 125 126 127 128 129 130 131 132 133 134 135 136 137 138 139
125 126 127 128 129 130 131 132 133 134 135 136 137 138 139
126 127 128 129 130 131 132 133 134 135 136 137 138 139
127 128 129 130 131 132 133 134 135 136 137 138 139
128 129 130 131 132 133 134 135 136 137 138 139
129 130 131 132 133 134 135 136 137 138 139
130 131 132 133 134 135 136 137 138 139
131 132 133 134 135 136 137 138 139
132 133 134 135 136 137 138 139
133 134 135 136 137 138 139
134 135 136 137 138 139
135 136 137 138 139
136 137 138 139
137 138 139
138 139
139 140
140 142 143 144 145 146 147 148 149 150 151 152 153 154 155 156 157 158 159
141 142 143 144 145 146 147 148 149 150 151 152 153 154 155 156 157 158 159
142 143 144 145 146 147 148 149 150 151 152 153 154 155 156 157 158 159
143 144 145 146 147 148 149 150 151 152 153 154 155 156 157 158 159
144 145 146 147 148 149 150 151 152 153 154 155 156 157 158 159
145 146 147 148 149 150 151 152 153 154 155 156 157 158 159
146 147 148 149 150 151 152 153 154 155 156 157 158 159
147 148 149 150 151 152 153 154 155 156 157 158 159
148 149 150 151 152 153 154 155 156 157 158 159
149 150 151 152 153 154 155 156 157 158 159
150 151 152 153 154 155 156 157 158 159
151 152 153 154 155 156 157 158 159
152 153 154 155 156 157 158 159
153 154 155 156 157 158 159
154 155 156 157 158 159
155 156 157 158 159
156 157 158 159
157 158 159
158 159
159 160
160 162 163 164 165 166 167 168 169 170 171 172 173 174 175 176 177 178 179
161 162 163 164 165 166 167 168 169 170 171 172 173 174 175 176 177 178 179
162 163 164 165 166 167 168 169 170 171 172 173 174 175 176 177 178 179
163 164 165 166 167 168 169 170 171 172 173 174 175 176 177 178 179
164 165 166 167 168 169 170 171 172 173 174 175 176 177 178 179
165 166 167 168 169 170 171 172 173 174 175 176 177 178 179
166 167 168 169 170 171 172 173 174 175 176 177 178 179
167 168 169 170 171 172 173 174 175 176 177 178 179
168 169 170 171 172 173 174 175 176 177 178 179
169 170 171 172 173 174 175 176 177 178 179
170 171 172 173 174 175 176 177 178 179
171 172 173 174 175 176 177 178 179
172 173 174 175 176 177 178 179
173 174 175 176 177 178 179
174 175 176 177 178 179
175 176 177 178 179
176 177 178 179
177 178 179
178 179
179 180
180 182 183 184 185 186 187 188 189 190 191 192 193 194 195 196 197 198 199
181 182 183 184 185 186 187 188 189 190 191 192 193 194 195 196 197 198 199
182 183 184 185 186 187 188 189 190 191 192 193 194 195 196 197 198 199
183 184 185 186 187 188 189 190 191 192 193 194 195 196 197 198 199
184 185 186 187 188 189 190 191 192 193 194 195 196 197 198 199
185 186 187 188 189 190 191 192 193 194 195 196 197 198 199
186 187 188 189 190 191 192 193 194 195 196 197 198 199
187 188 189 190 191 192 193 194 195 196 197 198 199
188 189 190 191 192 193 194 195 196 197 198 199
189 190 191 192 193 194 195 196 197 198 199
190 191 192 193 194 195 196 197 198 199
191 192 193 194 195 196 197 198 199
192 193 194 195 196 197 198 199
193 194 195 196 197 198 199
194 195 196 197 198 199
195 196 197 198 199
196 197 198 199
197 198 199
198 199
199 200
200 202 203 204 205 206 207 208 209 210 211 212 213 214 215 216 217 218 219
201 202 203 204 205 206 207 208 209 210 211 212 213 214 215 216 217 218 219
202 203 204 205 206 207 208 209 210 211 212 213 214 215 216 217 218 219
203 204 205 206 207 208 209 210 211 212 213 214 215 216 217 218 219
204 205 206 207 208 209 210 211 212 213 214 215 216 217 218 219
205 206 207 208 209 210 211 212 213 214 215 216 217 218 219
206 207 208 209 210 211 212 213 214 215 216 217 218 219
207 208 209 210 211 212 213 214 215 216 217 218 219
208 209 210 211 212 213 214 215 216 217 218 219
209 210 211 212 213 214 215 216 217 218 219
210 211 212 213 214 215 216 217 218 219
211 212 213 214 215 216 217 218 219
212 213 214 215 216 217 218 219
213 214 215 216 217 218 219
214 215 216 217 218 219
215 216 217 218 219
216 217 218 219
217 218 219
218 219
219 220
220 222 223 224 225 226 227 228 229 230 231 232 233 234 235 236 237 238 239
221 222 223 224 225 226 227 228 229 230 231 232 233 234 235 236 237 238 239
222 223 224 225 226 227 228 229 230 231 232 233 234 235 236 237 238 239
223 224 225 226 227 228 229 230 231 232 233 234 235 236 237 238 239
224 225 226 227 228 229 230 231 232 233 234 235 236 237 238 239
225 226 227 228 229 230 231 232 233 234 235 236 237 238 239
226 227 228 229 230 231 232 233 234 235 236 237 238 239
227 228 229 230 231 232 233 234 235 236 237 238 239
228 229 230 231 232 233 234 235 236 237 238 239
229 230 231 232 233 234 235 236 237 238 239
230 231 232 233 234 235 236 237 238 239
231 232 233 234 235 236 237 238 239
232 233 234 235 236 237 238 239
233 234 235 236 237 238 239
234 235 236 237 238 239
235 236 237 238 239
236 237 238 239
237 238 239
238 239
239 240
240 242 243 244 245 246 247 248 249 250 251 252 253 254 255 256 257 258 259
241 242 243 244 245 246 247 248 249 250 251 252 253 254 255 256 257 258 259
242 243 244 245 246 247 248 249 250 251 252 253 254 255 256 257 258 259
243 244 245 246 247 248 249 250 251 252 253 254 255 256 257 258 259
244 245 246 247 248 249 250 251 252 253 254 255 256 257 258 259
245 246 247 248 249 250 251 252 253 254 255 256 257 258 259
246 247 248 249 250 251 252 253 254 255 256 257 258 259
247 248 249 250 251 252 253 254 255 256 257 258 259
248 249 250 251 252 253 254 255 256 257 258 259
249 250 251 252 253 254 255 256 257 258 259
250 251 252 253 254 255 256 257 258 259
251 252 253 254 255 256 257 258 259
252 253 254 255 256 257 258 259
253 254 255 256 257 258 259
254 255 256 257 258 259
255 256 257 258 259
256 257 258 259
257 258 259
258 259
259 260
260 262 263 264 265 266 267 268 269 270 271 272 273 274 275 276 277 278 279
261 262 263 264 265 266 267 268 269 270 271 272 273 274 275 276 277 278 279
262 263 264 265 266 267 268 269 270 271 272 273 274 275 276 277 278 279
263 264 265 266 267 268 269 270 271 272 273 274 275 276 277 278 279
264 265 266 267 268 269 270 271 272 273 274 275 276 277 278 279
265 266 267 268 269 270 271 272 273 274 275 276 277 278 279
266 267 268 269 270 271 272 273 274 275 276 277 278 279
267 268 269 270 271 272 273 274 275 276 277 278 279
268 269 270 271 272 273 274 275 276 277 278 279
269 270 271 272 273 274 275 276 277 278 279
270 271 272 273 274 275 276 277 278 279
271 272 273 274 275 276 277 278 279
272 273 274 275 276 277 278 279
273 274 275 276 277 278 279
274 275 276 277 278 279
275 276 277 278 279
276 277 278 279
277 278 279
278 279
279 280
280 282 283 284 285 286 287 288 289 290 291 292 293 294 295 296 297 298 299
281 282 283 284 285 286 287 288 289 290 291 292 293 294 295 296 297 298 299
282 283 284 285 286 287 288 289 290 291 292 293 294 295 296 297 298 299
283 284 285 286 287 288 289 290 291 292 293 294 295 296 297 298 299
284 285 286 287 288 289 290 291 292 293 294 295 296 297 298 299
285 286 287 288 289 290 291 292 293 294 295 296 297 298 299
286 287 288 289 290 291 292 293 294 295 296 297 298 299
287 288 289 290 291 292 293 294 295 296 297 298 299
288 289 290 291 292 293 294 295 296 297 298 299
289 290 291 292 293 294 295 296 297 298 299
290 291 292 293 294 295 296 297 298 299
291 292 293 294 295 296 297 298 299
292 293 294 295 296 297 298 299
293 294 295 296 297 298 299
294 295 296 297 298 299
295 296 297 298 299
296 297 298 299
297 298 299
298 299
299 300
300 302 303 304 305 306 307 308 309 310 311 312 313 314 315 316 317 318 319
301 302 303 304 305 306 307 308 309 310 311 312 313 314 315 316 317 318 319
302 303 304 305 306 307 308 309 310 311 312 313 314 315 316 317 318 319
303 304 305 306 307 308 309 310 311 312 313 314 315 316 317 318 319
304 305 306 307 308 309 310 311 312 313 314 315 316 317 318 319
305 306 307 308 309 310 311 312 313 314 315 316 317 318 319
306 307 308 309 310 311 312 313 314 315 316 317 318 319
307 308 309 310 311 312 313 314 315 316 317 318 319
308 309 310 311 312 313 314 315 316 317 318 319
309 310 311 312 313 314 315 316 317 318 319
310 311 312 313 314 315 316 317 318 319
311 312 313 314 315 316 317 318 319
312 313 314 315 316 317 318 319
313 314 315 316 317 318 319
314 315 316 317 318 319
315 316 317 318 319
316 317 318 319
317 318 319
318 319
319 320
320 322 323 324 325 326 327 328 329 330 331 332 333 334 335 336 337 338 339
321 322 323 324 325 326 327 328 329 330 331 332 333 334 335 336 337 338 339
322 323 324 325 326 327 328 329 330 331 332 333 334 335 336 337 338 339
323 324 325 326 327 328 329 330 331 332 333 334 335 336 337 338 339
324 325 326 327 328 329 330 331 332 333 334 335 336 337 338 339
325 326 327 328 329 330 331 332 333 334 335 336 337 338 339
326 327 328 329 330 331 332 333 334 335 336 337 338 339
327 328 329 330 331 332 333 334 335 336 337 338 339
328 329 330 331 332 333 334 335 336 337 338 339
329 330 331 332 333 334 335 336 337 338 339
330 331 332 333 334 335 336 337 338 339
331 332 333 334 335 336 337 338 339
332 333 334 335 336 337 338 339
333 334 335 336 337 338 339
334 335 336 337 338 339
335 336 337 338 339
336 337 338 339
337 338 339
338 339
339 340
340 342 343 344 345 346 347 348 349 350 351 352 353 354 355 356 357 358 359
341 342 343 344 345 346 347 348 349 350 351 352 353 354 355 356 357 358 359
342 343 344 345 346 347 348 349 350 351 352 353 354 355 356 357 358 359
343 344 345 346 347 348 349 350 351 352 353 354 355 356 357 358 359
344 345 346 347 348 349 350 351 352 353 354 355 356 357 358 359
345 346 347 348 349 350 351 352 353 354 355 356 357 358 359
346 347 348 349 350 351 352 353 354 355 356 357 358 359
347 348 349 350 351 352 353 354 355 356 357 358 359
348 349 350 351 352 353 354 355 356 357 358 359
349 350 351 352 353 354 355 356 357 358 359
350 351 352 353 354 355 356 357 358 359
351 352 353 354 355 356 357 358 359
352 353 354 355 356 357 358 359
353 354 355 356 357 358 359
354 355 356 357 358 359
355 356 357 358 359
356 357 358 359
357 358 359
358 359
359 360
360 362 363 364 365 366 367 368 369 370 371 372 373 374 375 376 377 378 379
361 362 363 364 365 366 367 368 369 370 371 372 373 374 375 376 377 378 379
362 363 364 365 366 367 368 369 370 371 372 373 374 375 376 377 378 379
363 364 365 366 367 368 369 370 371 372 373 374 375 376 377 378 379
364 365 366 367 368 369 370 371 372 373 374 375 376 377 378 379
365 366 367 368 369 370 371 372 373 374 375 376 377 378 379
366 367 368 369 370 371 372 373 374 375 376 377 378 379
367 368 369 370 371 372 373 374 375 376 377 378 379
368 369 370 371 372 373 374 375 376 377 378 379
369 370 371 372 373 374 375 376 377 378 379
370 371 372 373 374 375 376 377 378 379
371 372 373 374 375 376 377 378 379
372 373 374 375 376 377 378 379
373 374 375 376 377 378 379
374 375 376 377 378 379
375 376 377 378 379
376 377 378 379
377 378 379
378 379
379 380
380 382 383 384 385 386 387 388 389 390 391 392 393 394 395 396 397 398 399
381 382 383 384 385 386 387 388 389 390 391 392 393 394 395 396 397 398 399
382 383 384 385 386 387 388 389 390 391 392 393 394 395 396 397 398 399
383 384 385 386 387 388 389 390 391 392 393 394 395 396 397 398 399
384 385 386 387 388 389 390 391 392 393 394 395 396 397 398 399
385 386 387 388 389 390 391 392 393 394 395 396 397 398 399
386 387 388 389 390 391 392 393 394 395 396 397 398 399
387 388 389 390 391 392 393 394 395 396 397 398 399
388 389 390 391 392 393 394 395 396 397 398 399
389 390 391 392 393 394 395 396 397 398 399
390 391 392 393 394 395 396 397 398 399
391 392 393 394 395 396 397 398 399
392 393 394 395 396 397 398 399
393 394 395 396 397 398 399
394 395 396 397 398 399
395 396 397 398 399
396 397 398 399
397 398 399
398 399
399 400
400 402 403 404 405 406 407 408 409 410 411 412 413 414 415 416 417 418 419
401 402 403 404 405 406 407 408 409 410 411 412 413 414 415 416 417 418 419
402 403 404 405 406 407 408 409 410 411 412 413 414 415 416 417 418 419
403 404 405 406 407 408 409 410 411 412 413 414 415 416 417 418 419
404 405 406 407 408 409 410 411 412 413 414 415 416 417 418 419
405 406 407 408 409 410 411 412 413 414 415 416 417 418 419
406 407 408 409 410 411 412 413 414 415 416 417 418 419
407 408 409 410 411 412 413 414 415 416 417 418 419
408 409 410 411 412 413 414 415 416 417 418 419
409 410 411 412 413 414 415 416 417 418 419
410 411 412 413 414 415 416 417 418 419
411 412 413 414 415 416 417 418 419
412 413 414 415 416 417 418 419
413 414 415 416 417 418 419
414 415 416 417 418 419
415 416 417 418 419
416 417 418 419
417 418 419
418 419
419 420
420 422 423 424 425 426 427 428 429 430 431 432 433 434 435 436 437 438 439
421 422 423 424 425 426 427 428 429 430 431 432 433 434 435 436 437 438 439
422 423 424 425 426 427 428 429 430 431 432 433 434 435 436 437 438 439
423 424 425 426 427 428 429 430 431 432 433 434 435 436 437 438 439
424 425 426 427 428 429 430 431 432 433 434 435 436 437 438 439
425 426 427 428 429 430 431 432 433 434 435 436 437 438 439
426 427 428 429 430 431 432 433 434 435 436 437 438 439
427 428 429 430 431 432 433 434 435 436 437 438 439
428 429 430 431 432 433 434 435 436 437 438 439
429 430 431 432 433 434 435 436 437 438 439
430 431 432 433 434 435 436 437 438 439
431 432 433 434 435 436 437 438 439
432 433 434 435 436 437 438 439
433 434 435 436 437 438 439
434 435 436 437 438 439
435 436 437 438 439
436 437 438 439
437 438 439
438 439
439 440
440 442 443 444 445 446 447 448 449 450 451 452 453 454 455 456 457 458 459
441 442 443 444 445 446 447 448 449 450 451 452 453 454 455 456 457 458 459
442 443 444 445 446 447 448 449 450 451 452 453 454 455 456 457 458 459
443 444 445 446 447 448 449 450 451 452 453 454 455 456 457 458 459
444 445 446 447 448 449 450 451 452 453 454 455 456 457 458 459
445 446 447 448 449 450 451 452 453 454 455 456 457 458 459
446 447 448 449 450 451 452 453 454 455 456 457 458 459
447 448 449 450 451 452 453 454 455 456 457 458 459
448 449 450 451 452 453 454 455 456 457 458 459
449 450 451 452 453 454 455 456 457 458 459
450 451 452 453 454 455 456 457 458 459
451 452 453 454 455 456 457 458 459
452 453 454 455 456 457 458 459
453 454 455 456 457 458 459
454 455 456 457 458 459
455 456 457 458 459
456 457 458 459
457 458 459
458 459
459 460
460 462 463 464 465 466 467 468 469 470 471 472 473 474 475 476 477 478 479
461 462 463 464 465 466 467 468 469 470 471 472 473 474 475 476 477 478 479
462 463 464 465 466 467 468 469 470 471 472 473 474 475 476 477 478 479
463 464 465 466 467 468 469 470 471 472 473 474 475 476 477 478 479
464 465 466 467 468 469 470 471 472 473 474 475 476 477 478 479
465 466 467 468 469 470 471 472 473 474 475 476 477 478 479
466 467 468 469 470 471 472 473 474 475 476 477 478 479
467 468 469 470 471 472 473 474 475 476 477 478 479
468 469 470 471 472 473 474 475 476 477 478 479
469 470 471 472 473 474 475 476 477 478 479
470 471 472 473 474 475 476 477 478 479
471 472 473 474 475 476 477 478 479
472 473 474 475 476 477 478 479
473 474 475 476 477 478 479
474 475 476 477 478 479
475 476 477 478 479
476 477 478 479
477 478 479
478 479
479 480
480 482 483 484 485 486 487 488 489 490 491 492 493 494 495 496 497 498 499
481 482 483 484 485 486 487 488 489 490 491 492 493 494 495 496 497 498 499
482 483 484 485 486 487 488 489 490 491 492 493 494 495 496 497 498 499
483 484 485 486 487 488 489 490 491 492 493 494 495 496 497 498 499
484 485 486 487 488 489 490 491 492 493 494 495 496 497 498 499
485 486 487 488 489 490 491 492 493 494 495 496 497 498 499
486 487 488 489 490 491 492 493 494 495 496 497 498 499
487 488 489 490 491 492 493 494 495 496 497 498 499
488 489 490 491 492 493 494 495 496 497 498 499
489 490 491 492 493 494 495 496 497 498 499
490 491 492 493 494 495 496 497 498 499
491 492 493 494 495 496 497 498 499
492 493 494 495 496 497 498 499
493 494 495 496 497 498 499
494 495 496 497 498 499
495 496 497 498 499
496 497 498 499
497 498 499
498 499
499 500
500 502 503 504 505 506 507 508 509 510 511 512 513 514 515 516 517 518 519
501 502 503 504 505 506 507 508 509 510 511 512 513 514 515 516 517 518 519
502 503 504 505 506 507 508 509 510 511 512 513 514 515 516 517 518 519
503 504 505 506 507 508 509 510 511 512 513 514 515 516 517 518 519
504 505 506 507 508 509 510 511 512 513 514 515 516 517 518 519
505 506 507 508 509 510 511 512 513 514 515 516 517 518 519
506 507 508 509 510 511 512 513 514 515 516 517 518 519
507 508 509 510 511 512 513 514 515 516 517 518 519
508 509 510 511 512 513 514 515 516 517 518 519
509 510 511 512 513 514 515 516 517 518 519
510 511 512 513 514 515 516 517 518 519
511 512 513 514 515 516 517 518 519
512 513 514 515 516 517 518 519
513 514 515 516 517 518 519
514 515 516 517 518 519
515 516 517 518 519
516 517 518 519
517 518 519
518 519
519 520
520 522 523 524 525 526 527 528 529 530 531 532 533 534 535 536 537 538 539
521 522 523 524 525 526 527 528 529 530 531 532 533 534 535 536 537 538 539
522 523 524 525 526 527 528 529 530 531 532 533 534 535 536 537 538 539
523 524 525 526 527 528 529 530 531 532 533 534 535 536 537 538 539
524 525 526 527 528 529 530 531 532 533 534 535 536 537 538 539
525 526 527 528 529 530 531 532 533 534 535 536 537 538 539
526 527 528 529 530 531 532 533 534 535 536 537 538 539
527 528 529 530 531 532 533 534 535 536 537 538 539
528 529 530 531 532 533 534 535 536 537 538 539
529 530 531 532 533 534 535 536 537 538 539
530 531 532 533 534 535 536 537 538 539
531 532 533 534 535 536 537 538 539
532 533 534 535 536 537 538 539
533 534 535 536 537 538 539
534 535 536 537 538 539
535 536 537 538 539
536 537 538 539
537 538 539
538 539
539 540
540 542 543 544 545 546 547 548 549 550 551 552 553 554 555 556 557 558 559
541 542 543 544 545 546 547 548 549 550 551 552 553 554 555 556 557 558 559
542 543 544 545 546 547 548 549 550 551 552 553 554 555 556 557 558 559
543 544 545 546 547 548 549 550 551 552 553 554 555 556 557 558 559
544 545 546 547 548 549 550 551 552 553 554 555 556 557 558 559
545 546 547 548 549 550 551 552 553 554 555 556 557 558 559
546 547 548 549 550 551 552 553 554 555 556 557 558 559
547 548 549 550 551 552 553 554 555 556 557 558 559
548 549 550 551 552 553 554 555 556 557 558 559
549 550 551 552 553 554 555 556 557 558 559
550 551 552 553 554 555 556 557 558 559
551 552 553 554 555 556 557 558 559
552 553 554 555 556 557 558 559
553 554 555 556 557 558 559
554 555 556 557 558 559
555 556 557 558 559
556 557 558 559
557 558 559
558 559
559 560
560 562 563 564 565 566 567 568 569 570 571 572 573 574 575 576 577 578 579
561 562 563 564 565 566 567 568 569 570 571 572 573 574 575 576 577 578 579
562 563 564 565 566 567 568 569 570 571 572 573 574 575 576 577 578 579
563 564 565 566 567 568 569 570 571 572 573 574 575 576 577 578 579
564 565 566 567 568 569 570 571 572 573 574 575 576 577 578 579
565 566 567 568 569 570 571 572 573 574 575 576 577 578 579
566 567 568 569 570 571 572 573 574 575 576 577 578 579
567 568 569 570 571 572 573 574 575 576 577 578 579
568 569 570 571 572 573 574 575 576 577 578 579
569 570 571 572 573 574 575 576 577 578 579
570 571 572 573 574 575 576 577 578 579
571 572 573 574 575 576 577 578 579
572 573 574 575 576 577 578 579
573 574 575 576 577 578 579
574 575 576 577 578 579
575 576 577 578 579
576 577 578 579
577 578 579
578 579
579 580
580 582 583 584 585 586 587 588 589 590 591 592 593 594 595 596 597 598 599
581 582 583 584 585 586 587 588 589 590 591 592 593 594 595 596 597 598 599
582 583 584 585 586 587 588 589 590 591 592 593 594 595 596 597 598 599
583 584 585 586 587 588 589 590 591 592 593 594 595 596 597 598 599
584 585 586 587 588 589 590 591 592 593 594 595 596 597 598 599
585 586 587 588 589 590 591 592 593 594 595 596 597 598 599
586 587 588 589 590 591 592 593 594 595 596 597 598 599
587 588 589 590 591 592 593 594 595 596 597 598 599
588 589 590 591 592 593 594 595 596 597 598 599
589 590 591 592 593 594 595 596 597 598 599
590 591 592 593 594 595 596 597 598 599
591 592 593 594 595 596 597 598 599
592 593 594 595 596 597 598 599
593 594 595 596 597 598 599
594 595 596 597 598 599
595 596 597 598 599
596 597 598 599
597 598 599
598 599
599 600
600 602 603 604 605 606 607 608 609 610 611 612 613 614 615 616 617 618 619
601 602 603 604 605 606 607 608 609 610 611 612 613 614 615 616 617 618 619
602 603 604 605 606 607 608 609 610 611 612 613 614 615 616 617 618 619
603 604 605 606 607 608 609 610 611 612 613 614 615 616 617 618 619
604 605 606 607 608 609 610 611 612 613 614 615 616 617 618 619
605 606 607 608 609 610 611 612 613 614 615 616 617 618 619
606 607 608 609 610 611 612 613 614 615 616 617 618 619
607 608 609 610 611 612 613 614 615 616 617 618 619
608 609 610 611 612 613 614 615 616 617 618 619
609 610 611 612 613 614 615 616 617 618 619
610 611 612 613 614 615 616 617 618 619
611 612 613 614 615 616 617 618 619
612 613 614 615 616 617 618 619
613 614 615 616 617 618 619
614 615 616 617 618 619
615 616 617 618 619
616 617 618 619
617 618 619
618 619
619 620
620 622 623 624 625 626 627 628 629 630 631 632 633 634 635 636 637 638 639
621 622 623 624 625 626 627 628 629 630 631 632 633 634 635 636 637 638 639
622 623 624 625 626 627 628 629 630 631 632 633 634 635 636 637 638 639
623 624 625 626 627 628 629 630 631 632 633 634 635 636 637 638 639
624 625 626 627 628 629 630 631 632 633 634 635 636 637 638 639
625 626 627 628 629 630 631 632 633 634 635 636 637 638 639
626 627 628 629 630 631 632 633 634 635 636 637 638 639
627 628 629 630 631 632 633 634 635 636 637 638 639
628 629 630 631 632 633 634 635 636 637 638 639
629 630 631 632 633 634 635 636 637 638 639
630 631 632 633 634 635 636 637 638 639
631 632 633 634 635 636 637 638 639
632 633 634 635 636 637 638 639
633 634 635 636 637 638 639
634 635 636 637 638 639
635 636 637 638 639
636 637 638 639
637 638 639
638 639
639 640
640 642 643 644 645 646 647 648 649 650 651 652 653 654 655 656 657 658 659
641 642 643 644 645 646 647 648 649 650 651 652 653 654 655 656 657 658 659
642 643 644 645 646 647 648 649 650 651 652 653 654 655 656 657 658 659
643 644 645 646 647 648 649 650 651 652 653 654 655 656 657 658 659
644 645 646 647 648 649 650 651 652 653 654 655 656 657 658 659
645 646 647 648 649 650 651 652 653 654 655 656 657 658 659
646 647 648 649 650 651 652 653 654 655 656 657 658 659
647 648 649 650 651 652 653 654 655 656 657 658 659
648 649 650 651 652 653 654 655 656 657 658 659
649 650 651 652 653 654 655 656 657 658 659
650 651 652 653 654 655 656 657 658 659
651 652 653 654 655 656 657 658 659
652 653 654 655 656 657 658 659
653 654 655 656 657 658 659
654 655 656 657 658 659
655 656 657 658 659
656 657 658 659
657 658 659
658 659
659 660
660 662 663 664 665 666 667 668 669 670 671 672 673 674 675 676 677 678 679
661 662 663 664 665 666 667 668 669 670 671 672 673 674 675 676 677 678 679
662 663 664 665 666 667 668 669 670 671 672 673 674 675 676 677 678 679
663 664 665 666 667 668 669 670 671 672 673 674 675 676 677 678 679
664 665 666 667 668 669 670 671 672 673 674 675 676 677 678 679
665 666 667 668 669 670 671 672 673 674 675 676 677 678 679
666 667 668 669 670 671 672 673 674 675 676 677 678 679
667 668 669 670 671 672 673 674 675 676 677 678 679
668 669 670 671 672 673 674 675 676 677 678 679
669 670 671 672 673 674 675 676 677 678 679
670 671 672 673 674 675 676 677 678 679
671 672 673 674 675 676 677 678 679
672 673 674 675 676 677 678 679
673 674 675 676 677 678 679
674 675 676 677 678 679
675 676 677 678 679
676 677 678 679
677 678 679
678 679
679 680
680 682 683 684 685 686 687 688 689 690 691 692 693 694 695 696 697 698 699
681 682 683 684 685 686 687 688 689 690 691 692 693 694 695 696 697 698 699
682 683 684 685 686 687 688 689 690 691 692 693 694 695 696 697 698 699
683 684 685 686 687 688 689 690 691 692 693 694 695 696 697 698 699
684 685 686 687 688 689 690 691 692 693 694 695 696 697 698 699
685 686 687 688 689 690 691 692 693 694 695 696 697 698 699
686 687 688 689 690 691 692 693 694 695 696 697 698 699
687 688 689 690 691 692 693 694 695 696 697 698 699
688 689 690 691 692 693 694 695 696 697 698 699
689 690 691 692 693 694 695 696 697 698 699
690 691 692 693 694 695 696 697 698 699
691 692 693 694 695 696 697 698 699
692 693 694 695 696 697 698 699
693 694 695 696 697 698 699
694 695 696 697 698 699
695 696 697 698 699
696 697 698 699
697 698 699
698 699
699 700
700 702 703 704 705 706 707 708 709 710 711 712 713 714 715 716 717 718 719
701 702 703 704 705 706 707 708 709 710 711 712 713 714 715 716 717 718 719
702 703 704 705 706 707 708 709 710 711 712 713 714 715 716 717 718 719
703 704 705 706 707 708 709 710 711 712 713 714 715 716 717 718 719
704 705 706 707 708 709 710 711 712 713 714 715 716 717 718 719
705 706 707 708 709 710 711 712 713 714 715 716 717 718 719
706 707 708 709 710 711 712 713 714 715 716 717 718 719
707 708 709 710 711 712 713 714 715 716 717 718 719
708 709 710 711 712 713 714 715 716 717 718 719
709 710 711 712 713 714 715 716 717 718 719
710 711 712 713 714 715 716 717 718 719
711 712 713 714 715 716 717 718 719
712 713 714 715 716 717 718 719
713 714 715 716 717 718 719
714 715 716 717 718 719
715 716 717 718 719
716 717 718 719
717 718 719
718 719
719 720
720 722 723 724 725 726 727 728 729 730 731 732 733 734 735 736 737 738 739
721 722 723 724 725 726 727 728 729 730 731 732 733 734 735 736 737 738 739
722 723 724 725 726 727 728 729 730 731 732 733 734 735 736 737 738 739
723 724 725 726 727 728 729 730 731 732 733 734 735 736 737 738 739
724 725 726 727 728 729 730 731 732 733 734 735 736 737 738 739
725 726 727 728 729 730 731 732 733 734 735 736 737 738 739
726 727 728 729 730 731 732 733 734 735 736 737 738 739
727 728 729 730 731 732 733 734 735 736 737 738 739
728 729 730 731 732 733 734 735 736 737 738 739
729 730 731 732 733 734 735 736 737 738 739
730 731 732 733 734 735 736 737 738 739
731 732 733 734 735 736 737 738 739
732 733 734 735 736 737 738 739
733 734 735 736 737 738 739
734 735 736 737 738 739
735 736 737 738 739
736 737 738 739
737 738 739
738 739
739 740
740 742 743 744 745 746 747 748 749 750 751 752 753 754 755 756 757 758 759
741 742 743 744 745 746 747 748 749 750 751 752 753 754 755 756 757 758 759
742 743 744 745 746 747 748 749 750 751 752 753 754 755 756 757 758 759
743 744 745 746 747 748 749 750 751 752 753 754 755 756 757 758 759
744 745 746 747 748 749 750 751 752 753 754 755 756 757 758 759
745 746 747 748 749 750 751 752 753 754 755 756 757 758 759
746 747 748 749 750 751 752 753 754 755 756 757 758 759
747 748 749 750 751 752 753 754 755 756 757 758 759
748 749 750 751 752 753 754 755 756 757 758 759
749 750 751 752 753 754 755 756 757 758 759
750 751 752 753 754 755 756 757 758 759
751 752 753 754 755 756 757 758 759
752 753 754 755 756 757 758 759
753 754 755 756 757 758 759
754 755 756 757 758 759
755 756 757 758 759
756 757 758 759
757 758 759
758 759
759 760
760 762 763 764 765 766 767 768 769 770 771 772 773 774 775 776 777 778 779
761 762 763 764 765 766 767 768 769 770 771 772 773 774 775 776 777 778 779
762 763 764 765 766 767 768 769 770 771 772 773 774 775 776 777 778 779
763 764 765 766 767 768 769 770 771 772 773 774 775 776 777 778 779
764 765 766 767 768 769 770 771 772 773 774 775 776 777 778 779
765 766 767 768 769 770 771 772 773 774 775 776 777 778 779
766 767 768 769 770 771 772 773 774 775 776 777 778 779
767 768 769 770 771 772 773 774 775 776 777 778 779
768 769 770 771 772 773 774 775 776 777 778 779
769 770 771 772 773 774 775 776 777 778 779
770 771 772 773 774 775 776 777 778 779
771 772 773 774 775 776 777 778 779
772 773 774 775 776 777 778 779
773 774 775 776 777 778 779
774 775 776 777 778 779
775 776 777 778 779
776 777 778 779
777 778 779
778 779
779 780
780 782 783 784 785 786 787 788 789 790 791 792 793 794 795 796 797 798 799
781 782 783 784 785 786 787 788 789 790 791 792 793 794 795 796 797 798 799
782 783 784 785 786 787 788 789 790 791 792 793 794 795 796 797 798 799
783 784 785 786 787 788 789 790 791 792 793 794 795 796 797 798 799
784 785 786 787 788 789 790 791 792 793 794 795 796 797 798 799
785 786 787 788 789 790 791 792 793 794 795 796 797 798 799
786 787 788 789 790 791 792 793 794 795 796 797 798 799
787 788 789 790 791 792 793 794 795 796 797 798 799
788 789 790 791 792 793 794 795 796 797 798 799
789 790 791 792 793 794 795 796 797 798 799
790 791 792 793 794 795 796 797 798 799
791 792 793 794 795 796 797 798 799
792 793 794 795 796 797 798 799
793 794 795 796 797 798 799
794 795 796 797 798 799
795 796 797 798 799
796 797 798 799
797 798 799
798 799
799 800
800 802 803 804 805 806 807 808 809 810 811 812 813 814 815 816 817 818 819
801 802 803 804 805 806 807 808 809 810 811 812 813 814 815 816 817 818 819
802 803 804 805 806 807 808 809 810 811 812 813 814 815 816 817 818 819
803 804 805 806 807 808 809 810 811 812 813 814 815 816 817 818 819
804 805 806 807 808 809 810 811 812 813 814 815 816 817 818 819
805 806 807 808 809 810 811 812 813 814 815 816 817 818 819
806 807 808 809 810 811 812 813 814 815 816 817 818 819
807 808 809 810 811 812 813 814 815 816 817 818 819
808 809 810 811 812 813 814 815 816 817 818 819
809 810 811 812 813 814 815 816 817 818 819
810 811 812 813 814 815 816 817 818 819
811 812 813 814 815 816 817 818 819
812 813 814 815 816 817 818 819
813 814 815 816 817 818 819
814 815 816 817 818 819
815 816 817 818 819
816 817 818 819
817 818 819
818 819
819 820
820 822 823 824 825 826 827 828 829 830 831 832 833 834 835 836 837 838 839
821 822 823 824 825 826 827 828 829 830 831 832 833 834 835 836 837 838 839
822 823 824 825 826 827 828 829 830 831 832 833 834 835 836 837 838 839
823 824 825 826 827 828 829 830 831 832 833 834 835 836 837 838 839
824 825 826 827 828 829 830 831 832 833 834 835 836 837 838 839
825 826 827 828 829 830 831 832 833 834 835 836 837 838 839
826 827 828 829 830 831 832 833 834 835 836 837 838 839
827 828 829 830 831 832 833 834 835 836 837 838 839
828 829 830 831 832 833 834 835 836 837 838 839
829 830 831 832 833 834 835 836 837 838 839
830 831 832 833 834 835 836 837 838 839
831 832 833 834 835 836 837 838 839
832 833 834 835 836 837 838 839
833 834 835 836 837 838 839
834 835 836 837 838 839
835 836 837 838 839
836 837 838 839
837 838 839
838 839
839 840
840 842 843 844 845 846 847 848 849 850 851 852 853 854 855 856 857 858 859
841 842 843 844 845 846 847 848 849 850 851 852 853 854 855 856 857 858 859
842 843 844 845 846 847 848 849 850 851 852 853 854 855 856 857 858 859
843 844 845 846 847 848 849 850 851 852 853 854 855 856 857 858 859
844 845 846 847 848 849 850 851 852 853 854 855 856 857 858 859
845 846 847 848 849 850 851 852 853 854 855 856 857 858 859
846 847 848 849 850 851 852 853 854 855 856 857 858 859
847 848 849 850 851 852 853 854 855 856 857 858 859
848 849 850 851 852 853 854 855 856 857 858 859
849 850 851 852 853 854 855 856 857 858 859
850 851 852 853 854 855 856 857 858 859
851 852 853 854 855 856 857 858 859
852 853 854 855 856 857 858 859
853 854 855 856 857 858 859
854 855 856 857 858 859
855 856 857 858 859
856 857 858 859
857 858 859
858 859
859 860
860 862 863 864 865 866 867 868 869 870 871 872 873 874 875 876 877 878 879
861 862 863 864 865 866 867 868 869 870 871 872 873 874 875 876 877 878 879
862 863 864 865 866 867 868 869 870 871 872 873 874 875 876 877 878 879
863 864 865 866 867 868 869 870 871 872 873 874 875 876 877 878 879
864 865 866 867 868 869 870 871 872 873 874 875 876 877 878 879
865 866 867 868 869 870 871 872 873 874 875 876 877 878 879
866 867 868 869 870 871 872 873 874 875 876 877 878 879
867 868 869 870 871 872 873 874 875 876 877 878 879
868 869 870 871 872 873 874 875 876 877 878 879
869 870 871 872 873 874 875 876 877 878 879
870 871 872 873 874 875 876 877 878 879
871 872 873 874 875 876 877 878 879
872 873 874 875 876 877 878 879
873 874 875 876 877 878 879
874 875 876 877 878 879
875 876 877 878 879
876 877 878 879
877 878 879
878 879
879 880
880 882 883 884 885 886 887 888 889 890 891 892 893 894 895 896 897 898 899
881 882 883 884 885 886 887 888 889 890 891 892 893 894 895 896 897 898 899
882 883 884 885 886 887 888 889 890 891 892 893 894 895 896 897 898 899
883 884 885 886 887 888 889 890 891 892 893 894 895 896 897 898 899
884 885 886 887 888 889 890 891 892 893 894 895 896 897 898 899
885 886 887 888 889 890 891 892 893 894 895 896 897 898 899
886 887 888 889 890 891 892 893 894 895 896 897 898 899
887 888 889 890 891 892 893 894 895 896 897 898 899
888 889 890 891 892 893 894 895 896 897 898 899
889 890 891 892 893 894 895 896 897 898 899
890 891 892 893 894 895 896 897 898 899
891 892 893 894 895 896 897 898 899
892 893 894 895 896 897 898 899
893 894 895 896 897 898 899
894 895 896 897 898 899
895 896 897 898 899
896 897 898 899
897 898 899
898 899
899 900
900 902 903 904 905 906 907 908 909 910 911 912 913 914 915 916 917 918 919
901 902 903 904 905 906 907 908 909 910 911 912 913 914 915 916 917 918 919
902 903 904 905 906 907 908 909 910 911 912 913 914 915 916 917 918 919
903 904 905 906 907 908 909 910 911 912 913 914 915 916 917 918 919
904 905 906 907 908 909 910 911 912 913 914 915 916 917 918 919
905 906 907 908 909 910 911 912 913 914 915 916 917 918 919
906 907 908 909 910 911 912 913 914 915 916 917 918 919
907 908 909 910 911 912 913 914 915 916 917 918 919
908 909 910 911 912 913 914 915 916 917 918 919
909 910 911 912 913 914 915 916 917 918 919
910 911 912 913 914 915 916 917 918 919
911 912 913 914 915 916 917 918 919
912 913 914 915 916 917 918 919
913 914 915 916 917 918 919
914 915 916 917 918 919
915 916 917 918 919
916 917 918 919
917 918 919
918 919
919 920
920 922 923 924 925 926 927 928 929 930 931 932 933 934 935 936 937 938 939
921 922 923 924 925 926 927 928 929 930 931 932 933 934 935 936 937 938 939
922 923 924 925 926 927 928 929 930 931 932 933 934 935 936 937 938 939
923 924 925 926 927 928 929 930 931 932 933 934 935 936 937 938 939
924 925 926 927 928 929 930 931 932 933 934 935 936 937 938 939
925 926 927 928 929 930 931 932 933 934 935 936 937 938 939
926 927 928 929 930 931 932 933 934 935 936 937 938 939
927 928 929 930 931 932 933 934 935 936 937 938 939
928 929 930 931 932 933 934 935 936 937 938 939
929 930 931 932 933 934 935 936 937 938 939
930 931 932 933 934 935 936 937 938 939
931 932 933 934 935 936 937 938 939
932 933 934 935 936 937 938 939
933 934 935 936 937 938 939
934 935 936 937 938 939
935 936 937 938 939
936 937 938 939
937 938 939
938 939
939 940
940 942 943 944 945 946 947 948 949 950 951 952 953 954 955 956 957 958 959
941 942 943 944 945 946 947 948 949 950 951 952 953 954 955 956 957 958 959
942 943 944 945 946 947 948 949 950 951 952 953 954 955 956 957 958 959
943 944 945 946 947 948 949 950 951 952 953 954 955 956 957 958 959
944 945 946 947 948 949 950 951 952 953 954 955 956 957 958 959
945 946 947 948 949 950 951 952 953 954 955 956 957 958 959
946 947 948 949 950 951 952 953 954 955 956 957 958 959
947 948 949 950 951 952 953 954 955 956 957 958 959
948 949 950 951 952 953 954 955 956 957 958 959
949 950 951 952 953 954 955 956 957 958 959
950 951 952 953 954 955 956 957 958 959
951 952 953 954 955 956 957 958 959
952 953 954 955 956 957 958 959
953 954 955 956 957 958 959
954 955 956 957 958 959
955 956 957 958 959
956 957 958 959
957 958 959
958 959
959 960
960 962 963 964 965 966 967 968 969 970 971 972 973 974 975 976 977 978 979
961 962 963 964 965 966 967 968 969 970 971 972 973 974 975 976 977 978 979
962 963 964 965 966 967 968 969 970 971 972 973 974 975 976 977 978 979
963 964 965 966 967 968 969 970 971 972 973 974 975 976 977 978 979
964 965 966 967 968 969 970 971 972 973 974 975 976 977 978 979
965 966 967 968 969 970 971 972 973 974 975 976 977 978 979
966 967 968 969 970 971 972 973 974 975 976 977 978 979
967 968 969 970 971 972 973 974 975 976 977 978 979
968 969 970 971 972 973 974 975 976 977 978 979
969 970 971 972 973 974 975 976 977 978 979
970 971 972 973 974 975 976 977 978 979
971 972 973 974 975 976 977 978 979
972 973 974 975 976 977 978 979
973 974 975 976 977 978 979
974 975 976 977 978 979
975 976 977 978 979
976 977 978 979
977 978 979
978 979
979 980
980 982 983 984 985 986 987 988 989 990 991 992 993 994 995 996 997 998 999
981 982 983 984 985 986 987 988 989 990 991 992 993 994 995 996 997 998 999
982 983 984 985 986 987 988 989 990 991 992 993 994 995 996 997 998 999
983 984 985 986 987 988 989 990 991 992 993 994 995 996 997 998 999
984 985 986 987 988 989 990 991 992 993 994 995 996 997 998 999
985 986 987 988 989 990 991 992 993 994 995 996 997 998 999
986 987 988 989 990 991 992 993 994 995 996 997 998 999
987 988 989 990 991 992 993 994 995 996 997 998 999
988 989 990 991 992 993 994 995 996 997 998 999
989 990 991 992 993 994 995 996 997 998 999
990 991 992 993 994 995 996 997 998 999
991 992 993 994 995 996 997 998 999
992 993 994 995 996 997 998 999
993 994 995 996 997 998 999
994 995 996 997 998 999
995 996 997 998 999
996 997 998 999
997 998 999
998 999
999
