#/Users/adrienbanse/OneDrive - UCL/MASTER/Q7/LINMA2370/LINMA2370_project/part1/network.py
# GMT Thu Oct 29 21:50:38 2020
# 
0 1 2 3 4 5 6 7 8 9 10 11 12 13 14 15 16 17 18 19 20 21 22 23 24 25 26 27 28 29 30 31 32 33 34 35 36 37 38 39 40 41 42 43 44 45 46 47 48 49 633
1 2 3 4 5 6 7 8 10 11 12 13 14 15 16 17 18 19 20 21 22 23 24 25 26 27 28 29 30 31 32 33 34 35 36 37 38 39 41 42 43 44 45 46 47 48 49 649
2 3 4 5 6 7 8 9 10 11 12 13 14 15 16 17 18 19 20 21 22 23 24 25 26 27 28 30 31 32 34 35 36 37 39 40 41 42 43 45 46 47 48 49 673
3 4 5 6 7 8 9 10 12 13 14 15 16 17 18 20 21 22 23 24 25 26 27 29 30 31 32 33 34 36 37 38 39 40 41 43 44 45 46 47 48 49 421
4 5 6 7 8 9 10 11 12 13 14 15 16 17 18 19 20 21 22 23 24 25 26 27 28 29 30 31 32 33 34 35 36 37 38 40 41 42 44 45 46 48 49 732
5 6 7 8 9 10 11 12 13 14 15 16 17 19 20 21 22 23 24 25 26 27 28 29 31 32 33 34 35 36 38 39 41 45 46 47 48 49 432
6 7 8 10 11 12 13 14 16 18 19 20 21 22 23 24 25 26 27 28 30 31 32 33 34 35 36 37 38 39 40 41 42 43 45 46 47 49 500
7 8 10 11 14 15 16 17 18 21 22 23 24 25 26 27 28 29 30 32 33 34 35 36 37 38 39 41 42 43 44 45 46 47 48 49 477
8 9 10 11 12 13 14 15 16 17 18 19 21 22 23 24 25 26 27 28 29 30 31 32 33 35 36 37 38 39 40 42 43 44 45 47 48 49 605
9 10 11 12 13 14 15 16 17 18 19 20 21 22 23 24 25 26 27 28 29 30 31 32 34 35 36 37 38 39 40 41 42 44 45 46 47 784
10 11 12 13 14 15 16 17 18 19 20 21 22 23 24 25 26 27 28 29 30 31 32 33 34 35 36 38 39 40 41 42 43 45 46 47 48 49 713
11 12 13 14 15 16 17 18 20 21 22 23 24 25 26 27 28 29 30 31 33 34 35 36 37 38 39 40 41 43 44 45 47 48 568
12 14 15 16 17 18 19 20 21 22 23 24 25 26 27 28 29 30 31 32 33 34 36 37 38 39 40 41 42 43 44 45 46 47 49 557
13 14 15 16 17 18 19 20 21 22 23 24 25 26 27 28 29 30 31 32 33 34 35 37 38 39 40 41 42 44 46 47 48 49 680
14 15 16 17 18 20 21 23 24 25 26 28 29 30 31 32 33 34 35 36 37 38 39 40 41 42 43 44 45 46 47 48 645
15 16 17 18 20 21 22 23 24 25 26 28 29 30 32 33 36 37 38 39 40 41 42 43 44 45 46 47 48 49 729
16 17 18 19 20 21 22 23 24 25 26 27 30 31 32 33 34 35 36 37 39 40 41 42 43 44 45 46 47 764
17 18 20 21 22 24 25 26 27 28 29 30 31 32 33 34 35 36 37 38 39 40 41 43 44 45 46 47 48 49 536
18 19 20 21 22 23 24 25 26 27 28 29 30 31 32 33 34 35 36 37 38 40 41 42 43 44 45 46 47 48 49 709
19 20 21 22 23 24 25 26 27 28 30 31 32 33 34 35 37 39 40 41 42 43 45 46 47 48 49 740
20 21 22 23 24 25 26 27 28 29 30 31 32 33 34 35 36 37 38 39 41 42 43 44 45 46 47 48 49 425
21 22 23 24 26 27 28 29 30 31 32 33 34 35 36 37 39 40 41 42 43 45 46 47 48 484
22 23 24 26 27 28 29 30 31 33 34 36 37 38 40 41 42 43 44 45 46 47 48 49 497
23 24 25 26 27 28 29 31 32 33 34 37 38 39 40 41 42 43 44 45 47 48 49 449
24 25 26 28 29 30 31 32 33 34 35 36 37 38 39 40 41 42 43 44 45 46 47 48 49 409
25 26 27 28 29 30 31 32 33 34 35 37 39 41 42 43 44 45 47 48 616
26 27 28 29 30 31 32 33 34 35 36 37 38 39 40 41 42 43 44 46 47 49 632
27 28 29 30 31 32 33 34 35 36 37 38 39 40 42 43 44 45 46 47 48 660
28 29 30 31 32 33 34 35 36 37 39 40 42 43 44 45 46 47 48 49 704
29 30 31 32 33 34 35 36 37 38 39 40 41 43 44 45 46 47 48 49 485
30 32 33 34 35 36 37 38 40 41 42 43 45 46 47 48 49 457
31 32 33 34 35 36 37 38 39 40 41 42 43 44 45 46 47 48 49 512
32 33 34 35 36 37 38 39 40 41 42 43 44 46 47 48 49 756
33 34 35 36 37 38 39 40 41 42 43 44 45 46 47 48 49 693
34 35 36 37 38 41 43 44 45 46 47 48 49 413
35 36 38 39 40 41 43 44 45 46 47 48 49 672
36 37 38 39 40 41 42 43 44 45 46 47 48 49 528
37 38 39 40 41 42 43 44 45 46 47 48 49 496
38 39 40 41 42 43 44 45 46 47 48 49 532
39 40 41 42 43 44 45 46 48 49 700
40 41 42 44 45 46 47 48 49 648
41 42 43 44 45 46 47 48 49 644
42 43 44 45 46 47 48 49 624
43 44 45 46 47 48 49 628
44 45 46 47 48 49 745
45 46 47 48 49 712
46 47 48 49 408
47 48 49 708
48 49 597
49 601
50 51 52 54 55 56 57 58 59 60 61 62 63 64 65 66 67 69 70 71 72 73 76 77 78 79 80 81 82 83 84 85 86 87 88 89 90 91 92 93 94 95 96 97 98 99 668
51 52 53 55 56 57 58 59 60 61 62 63 64 65 66 67 68 69 70 71 72 73 74 75 76 77 79 80 81 82 83 84 85 86 87 89 90 91 92 93 94 95 96 97 98 468
52 53 54 55 56 57 58 59 60 61 62 63 64 65 66 69 70 71 72 73 74 75 76 78 79 80 81 82 83 84 85 86 87 88 89 91 92 93 94 95 96 97 98 99 733
53 54 55 56 57 58 59 60 61 62 63 64 65 66 67 68 69 70 71 72 73 74 75 76 77 78 79 81 82 83 84 85 86 87 88 89 90 91 92 93 94 95 96 97 613
54 55 56 57 58 59 60 61 62 63 64 65 67 68 70 71 72 73 74 75 76 77 78 79 80 81 82 83 84 85 86 87 88 89 90 91 92 93 95 96 97 98 99 721
55 57 58 59 61 63 64 65 66 67 68 69 70 71 72 73 74 75 76 77 78 79 80 81 82 83 84 85 86 87 88 89 91 92 93 94 95 96 98 99 445
56 57 59 60 61 62 63 64 65 66 68 69 70 71 72 73 74 75 76 77 78 79 80 81 82 83 84 85 87 88 89 90 91 92 93 94 95 96 98 99 525
57 58 59 61 62 64 65 66 67 68 69 70 71 72 73 74 76 77 78 79 80 81 82 84 85 87 88 89 90 91 92 93 94 95 96 97 98 99 541
58 59 60 61 62 63 64 66 67 68 69 70 71 72 73 74 75 76 78 79 80 82 83 84 85 86 87 88 90 91 92 93 94 95 96 97 98 99 424
59 60 61 62 63 64 65 66 67 68 69 70 71 72 73 74 75 76 77 79 80 81 83 84 85 86 87 88 89 90 91 92 93 94 95 96 97 98 99 501
60 61 62 63 64 65 66 67 68 69 70 71 73 74 75 76 77 78 79 80 81 82 83 84 85 86 87 89 90 91 92 93 94 95 96 97 98 99 589
61 62 63 64 65 66 67 68 69 71 72 73 74 75 76 77 79 80 81 82 83 84 86 87 88 89 90 91 92 93 94 95 96 97 98 99 772
62 63 64 65 66 67 68 69 70 72 73 74 75 76 77 78 79 80 82 83 84 85 86 88 89 90 91 92 93 94 95 96 97 98 99 705
63 64 65 66 67 68 69 70 71 72 73 74 75 76 77 78 79 80 81 82 83 84 85 86 87 88 89 90 91 92 94 95 97 98 99 760
64 65 66 67 68 69 70 71 72 73 74 75 77 78 79 80 81 82 83 84 85 86 87 88 89 90 91 92 93 94 95 96 97 98 99 724
65 66 67 69 70 71 72 73 75 76 77 78 79 80 81 82 83 85 86 87 88 89 90 91 92 93 94 95 96 97 98 741
66 67 69 70 71 72 73 74 75 77 78 79 80 81 82 83 85 86 87 88 89 90 91 92 93 94 95 96 97 98 99 565
67 68 69 70 71 72 73 74 75 76 77 78 79 80 81 82 83 84 85 86 87 88 89 90 91 92 93 94 95 96 97 98 604
68 69 70 71 72 73 75 76 77 79 80 81 82 84 85 86 88 89 90 91 92 93 94 95 96 97 98 99 769
69 70 71 72 73 74 75 76 77 78 79 80 81 82 83 84 85 86 87 88 89 90 91 92 93 94 95 96 97 98 99 524
70 71 72 73 74 75 77 79 81 82 83 84 85 86 87 88 89 90 92 93 94 95 96 97 98 99 516
71 72 73 74 75 76 77 78 79 82 83 84 85 86 87 88 89 90 91 92 93 94 95 97 98 99 588
72 73 74 75 76 77 78 79 80 81 82 83 84 85 86 88 89 90 91 92 93 94 95 96 97 98 99 596
73 74 75 76 77 78 79 80 81 82 83 84 85 86 87 88 89 90 91 92 93 96 97 98 99 469
74 75 77 78 80 82 83 84 86 87 89 90 91 92 93 94 95 96 98 788
75 76 77 78 79 80 81 83 84 85 86 87 88 89 90 91 92 93 94 96 97 98 99 556
76 77 78 79 80 81 82 84 85 86 88 89 90 91 92 93 94 95 96 97 98 99 617
77 78 79 80 81 82 83 84 85 87 88 89 90 91 92 93 94 95 96 97 98 99 552
78 80 81 82 83 84 85 86 87 89 91 92 93 94 95 96 97 98 99 752
79 80 81 82 83 84 85 86 87 88 89 90 91 92 93 94 95 96 97 98 99 441
80 81 82 83 84 85 86 87 88 89 90 91 92 93 94 95 96 97 98 99 776
81 82 83 84 85 86 87 88 89 90 91 92 93 95 96 97 98 99 417
82 83 84 85 86 87 88 90 91 92 93 94 95 96 98 653
83 84 85 86 87 89 90 91 92 93 94 95 96 97 98 99 529
84 85 86 87 88 89 90 91 93 95 96 97 98 99 765
85 86 87 88 89 90 91 92 93 94 95 96 97 98 99 540
86 87 88 89 90 91 92 94 95 96 97 98 99 688
87 89 90 92 93 94 95 96 97 98 99 725
88 89 90 91 92 93 94 96 97 98 99 664
89 90 92 93 94 95 96 97 98 99 692
90 91 92 93 94 95 96 97 98 99 792
91 93 94 95 96 97 98 99 488
92 94 95 96 97 98 99 520
93 94 96 97 98 99 665
94 95 96 97 99 612
95 96 97 98 99 593
96 97 98 697
97 98 99 716
98 99 509
99 677
100 101 102 103 104 105 106 107 108 109 111 112 113 115 116 117 118 119 121 122 123 124 125 126 127 128 129 130 131 132 133 134 135 136 138 139 140 141 142 143 144 145 146 147 148 149 585
101 102 103 104 106 107 108 109 110 111 112 113 114 115 116 117 118 119 121 123 125 126 127 128 129 130 131 132 133 134 135 137 138 139 140 141 142 143 144 145 146 147 148 149 405
102 103 104 105 106 107 109 110 111 112 113 114 115 116 118 119 120 121 123 124 125 126 127 128 129 130 131 132 133 134 135 136 137 138 139 140 141 142 143 144 145 146 148 149 728
103 105 106 107 108 109 110 111 112 113 114 115 116 117 118 119 120 122 123 124 125 126 127 128 129 130 132 133 134 135 136 137 138 139 140 141 142 143 144 146 147 148 149 789
104 105 106 107 109 110 112 113 114 115 116 117 118 119 121 122 123 124 125 126 127 128 129 130 132 133 136 137 138 139 140 141 142 143 144 145 146 147 148 473
105 106 107 108 109 111 112 113 114 115 116 117 118 119 120 121 122 123 124 125 126 127 128 129 131 132 133 134 135 136 137 138 139 140 141 142 143 144 145 146 147 148 149 472
106 107 108 109 110 111 112 113 114 115 116 118 119 120 122 123 124 125 126 127 128 129 131 132 133 134 135 136 137 138 139 140 141 142 143 144 145 146 147 148 149 636
107 109 110 111 112 113 115 116 117 118 119 120 121 122 123 124 125 126 127 128 129 130 131 132 134 135 136 137 138 139 140 141 142 143 144 145 146 147 149 545
108 109 110 111 112 113 115 116 117 118 119 120 121 122 125 126 127 128 129 130 132 133 134 135 136 137 138 139 140 141 142 143 144 145 146 147 148 149 620
109 110 111 112 113 114 115 116 118 119 120 121 122 123 124 125 126 127 128 129 130 131 132 134 135 137 138 139 140 141 142 144 145 146 147 148 149 761
110 111 112 113 114 115 116 117 118 119 120 121 122 123 124 125 127 128 129 130 131 132 133 134 135 136 137 138 139 140 141 142 143 144 145 146 147 148 149 736
111 112 113 114 115 116 117 118 119 120 122 123 124 125 126 127 128 129 130 131 132 133 134 135 136 137 138 139 140 141 142 143 144 145 146 148 149 753
112 113 114 115 116 117 118 119 120 121 122 124 125 126 127 128 129 131 132 133 134 135 136 137 138 139 140 141 142 143 144 145 146 147 148 452
113 114 115 116 117 118 119 120 121 122 123 124 125 126 127 128 129 130 131 132 133 134 135 136 137 138 139 144 145 147 148 149 669
114 115 116 118 119 120 121 122 123 124 126 127 128 130 131 132 133 134 135 136 137 138 139 141 142 144 145 146 147 148 149 580
115 116 117 118 119 120 121 122 123 125 126 127 128 129 130 131 132 134 135 136 137 138 139 140 141 142 143 144 145 146 147 148 149 773
116 117 118 119 120 121 122 123 124 125 126 127 128 129 130 131 132 133 134 136 137 138 139 140 141 142 143 144 145 146 147 148 149 717
117 118 119 120 121 122 123 124 125 126 128 129 130 131 132 133 134 135 136 137 138 139 140 141 142 143 144 145 146 147 148 444
118 119 120 121 122 124 125 127 128 130 131 132 133 135 136 137 138 139 140 141 142 143 144 145 146 147 148 149 404
119 120 121 122 123 124 125 126 127 128 129 130 131 132 133 134 135 136 137 138 139 140 141 142 143 144 145 146 147 148 149 621
120 121 122 123 125 126 127 128 129 130 131 132 133 134 135 136 137 138 139 140 141 142 143 144 145 147 148 149 440
121 122 124 125 126 127 128 129 130 131 132 133 134 135 136 138 139 140 141 142 143 144 145 146 147 148 149 685
122 123 124 125 126 127 128 129 131 132 133 134 135 136 137 138 139 140 141 142 143 144 145 146 147 148 149 661
123 124 125 126 127 128 129 131 132 133 134 135 136 137 138 139 140 141 142 143 144 145 146 147 416
124 125 127 128 129 130 131 132 133 134 135 136 137 139 141 142 144 145 146 147 149 533
125 126 127 128 129 130 131 132 133 134 136 137 138 139 140 141 142 143 145 146 147 148 149 429
126 127 128 129 130 131 132 133 134 135 137 139 141 142 143 144 145 146 147 148 149 581
127 129 130 131 132 133 134 135 136 137 138 139 140 141 142 143 145 146 147 148 149 608
128 129 130 131 132 133 134 137 138 139 140 141 142 143 144 145 146 147 148 149 460
129 130 132 133 134 135 136 138 139 140 141 142 143 144 145 146 147 149 625
130 131 132 133 134 135 136 137 138 139 140 141 142 143 144 145 146 147 148 149 777
131 132 133 134 135 136 137 138 139 140 141 142 143 144 145 146 147 148 149 508
132 133 134 135 136 137 138 139 140 141 142 143 144 145 146 147 148 149 553
133 134 135 137 139 140 141 142 143 144 145 146 147 148 149 652
134 137 138 139 140 141 142 143 144 145 146 147 149 584
135 137 138 139 140 141 143 144 145 147 148 149 744
136 137 139 141 142 143 144 145 146 147 148 476
137 138 139 140 141 142 144 145 146 147 148 149 676
138 139 141 142 143 144 146 147 148 149 785
139 140 142 143 144 145 146 147 148 797
140 141 142 143 144 145 146 147 148 149 412
141 142 143 144 145 146 147 148 149 400
142 143 144 145 147 148 577
143 144 145 147 148 149 572
144 145 146 147 148 492
145 146 147 148 149 657
146 147 148 149 641
147 148 149 780
148 149 549
149 576
150 151 152 154 155 156 157 158 159 160 161 162 163 164 166 167 169 170 171 172 173 174 175 176 177 178 179 180 181 182 183 184 186 187 188 189 190 191 193 194 195 196 197 198 199 544
151 152 153 155 156 157 158 159 160 161 162 164 166 167 169 170 171 172 173 174 175 176 177 178 179 180 181 182 183 184 185 186 187 188 189 190 191 192 193 194 195 196 197 199 489
152 154 155 156 157 158 159 160 161 162 163 164 165 166 167 168 169 170 171 172 173 174 175 176 177 178 179 181 182 184 185 186 188 189 190 191 192 193 194 195 196 197 198 199 493
153 154 155 156 157 158 159 160 161 162 163 164 165 166 168 169 170 171 172 173 175 176 177 178 179 180 181 182 183 184 185 186 188 189 190 192 193 194 195 196 197 198 199 737
154 156 157 158 159 160 161 162 163 164 165 166 167 168 169 170 171 172 173 175 176 178 179 180 181 182 183 184 185 186 187 188 189 190 191 192 195 196 197 198 199 453
155 156 157 159 160 161 162 164 165 166 167 168 169 170 171 172 173 175 176 177 178 180 181 182 183 184 185 186 188 189 190 191 192 193 194 195 196 197 198 199 600
156 157 158 159 160 162 163 164 165 166 167 168 169 170 171 172 173 174 175 177 178 179 180 181 182 183 184 185 187 188 189 190 191 192 193 194 195 196 197 198 199 548
157 158 160 162 163 164 165 166 167 168 170 171 172 174 175 176 177 178 179 180 181 182 183 184 185 186 187 188 189 190 191 192 193 194 195 196 197 198 199 420
158 159 160 161 162 163 164 165 166 167 168 169 170 172 173 174 175 176 177 178 179 181 182 183 184 185 186 187 188 189 190 191 192 193 194 195 196 197 199 564
159 160 161 162 163 164 165 166 167 168 170 171 172 173 174 176 177 178 179 180 181 182 183 184 185 186 187 188 189 190 191 192 193 194 195 196 197 198 199 461
160 161 162 163 165 166 167 168 170 171 173 174 175 176 177 178 179 180 181 183 184 185 186 187 188 189 190 191 192 193 194 195 196 197 517
161 162 163 164 165 166 167 168 169 170 171 172 173 174 175 176 177 179 180 181 183 184 185 186 188 189 190 191 192 193 194 196 197 198 199 480
162 163 164 166 167 169 170 171 172 173 174 175 176 177 179 180 182 183 184 186 187 188 189 190 191 192 193 194 195 196 197 198 199 521
163 164 165 166 167 168 170 171 172 173 174 175 176 177 178 180 182 183 186 187 188 189 190 191 192 193 194 195 197 198 199 656
164 165 166 167 168 169 170 171 172 173 174 177 178 179 180 181 182 183 184 185 186 187 190 191 192 193 194 195 196 197 198 199 781
165 166 167 168 169 170 171 172 173 174 175 176 177 178 179 180 181 182 183 184 185 186 187 188 189 190 191 192 193 194 195 196 197 198 199 768
166 167 169 171 172 173 174 175 176 177 178 180 181 182 183 184 185 186 187 188 189 190 191 192 193 194 195 196 197 198 199 456
167 168 169 170 171 172 173 174 175 176 177 179 180 181 182 183 184 185 186 187 188 189 190 191 192 194 195 197 199 428
168 169 170 172 173 175 176 177 178 179 181 182 183 184 185 186 187 188 189 190 191 192 193 195 196 197 198 199 681
169 170 171 172 173 174 175 176 177 178 179 180 181 182 184 185 186 188 189 190 191 192 193 194 195 196 198 199 537
170 171 172 174 175 177 178 179 180 181 182 183 184 185 186 188 189 190 191 192 193 194 195 196 197 198 199 560
171 172 173 174 175 176 177 178 179 181 182 183 184 185 186 187 188 189 190 191 192 193 194 195 197 198 199 569
172 173 174 175 176 177 178 180 181 183 184 185 186 187 188 189 190 192 193 194 195 196 197 199 573
173 174 175 176 177 178 179 180 181 182 183 184 185 186 187 188 189 190 191 192 193 194 195 197 198 199 401
174 175 176 177 178 179 180 181 182 183 184 185 186 187 188 189 191 192 193 195 196 197 198 199 433
175 176 177 178 179 180 181 182 183 184 185 186 187 189 190 191 192 193 194 195 196 197 198 505
176 177 178 179 180 181 182 183 184 187 188 189 191 193 194 195 196 197 198 199 701
177 178 179 180 181 182 183 184 185 186 187 188 189 190 191 192 193 194 195 196 197 198 199 448
178 179 180 181 183 184 185 186 187 188 189 190 191 192 193 194 196 197 198 199 436
179 180 181 182 183 184 185 186 187 188 189 190 191 192 193 194 195 196 197 198 199 561
180 181 182 183 185 186 187 188 189 190 194 195 196 198 199 796
181 182 183 184 185 186 187 188 189 190 191 192 193 194 195 196 197 198 199 464
182 183 184 186 187 188 189 190 191 192 193 194 195 196 197 198 199 637
183 184 185 186 187 188 189 190 191 192 193 194 195 196 198 609
184 185 186 188 189 190 191 192 193 194 195 196 198 199 720
185 186 187 188 189 190 191 192 193 194 195 196 197 198 199 793
186 187 188 189 190 191 192 193 194 195 196 197 198 199 481
187 188 189 191 192 193 194 195 196 197 198 199 748
188 189 190 191 192 193 194 195 196 197 198 199 749
189 190 191 192 193 194 195 196 197 198 199 504
190 191 192 193 194 196 197 198 640
191 192 193 194 195 196 197 198 199 757
192 193 194 195 196 197 198 199 465
193 194 195 196 197 198 199 684
194 195 196 197 198 199 592
195 196 198 199 696
196 197 198 199 437
197 198 199 629
198 199 689
199 513
200 201 202 203 204 205 206 207 208 209 482
201 202 203 204 205 206 207 208 209
202 203 204 205 206 207 208 209
203 204 205 206 207 208 209 530
204 205 206 207 208 209 522
205 206 207 208 209
206 207 208 209 277 335 738
207 208 209 498
208 209 236 374
209 470
210 211 212 213 214 215 216 217 218 219 347 770
211 212 213 214 215 216 217 218 219
212 213 214 215 216 217 218 219 742
213 214 215 216 217 218 219 466
214 215 216 217 218 219 265
215 216 217 218 219 348
216 217 218 219 234 570
217 218 219
218 219 326
219 308 370 442
220 221 222 223 224 225 226 227 228 229 385 402
221 222 223 224 225 226 227 228 229 798
222 223 224 225 226 227 228 229 486
223 224 225 226 227 228 229
224 225 226 227 228 229
225 226 227 228 229 294
226 227 228 229
227 228 229
228 229
229 323 364 438
230 231 232 233 234 235 236 237 238 239 666
231 232 233 234 235 236 237 238 239
232 233 234 235 236 237 238 239 670
233 234 235 236 237 238 239 358
234 235 236 237 238 239 298 746
235 236 237 238 239 414
236 237 238 239 682
237 238 239
238 239
239
240 241 242 243 244 245 246 247 248 249 614
241 242 243 244 245 246 247 248 249 293 369
242 243 244 245 246 247 248 249
243 244 245 246 247 248 249 258 317
244 245 246 247 248 249 714
245 246 247 248 249 334
246 247 248 249 313 458
247 248 249 774
248 249
249 337
250 251 252 253 254 255 256 257 258 259 634
251 252 253 254 255 256 257 258 259 284 718
252 253 254 255 256 257 258 259 410
253 254 255 256 257 258 259
254 255 256 257 258 259 674
255 256 257 258 259 313
256 257 258 259 346 650
257 258 259
258 259 318 526
259 290
260 261 262 263 264 265 266 267 268 269 602
261 262 263 264 265 266 267 268 269 311 362 546
262 263 264 265 266 267 268 269
263 264 265 266 267 268 269 578
264 265 266 267 268 269
265 266 267 268 269 430
266 267 268 269 494
267 268 269
268 269 750
269 331 399
270 271 272 273 274 275 276 277 278 279 398 450
271 272 273 274 275 276 277 278 279 562
272 273 274 275 276 277 278 279 307
273 274 275 276 277 278 279 339 406
274 275 276 277 278 279 360 446
275 276 277 278 279
276 277 278 279
277 278 279 722
278 279
279
280 281 282 283 284 285 286 287 288 289 638
281 282 283 284 285 286 287 288 289 342 654
282 283 284 285 286 287 288 289 586
283 284 285 286 287 288 289
284 285 286 287 288 289 642
285 286 287 288 289
286 287 288 289
287 288 289
288 289
289 304 322 706
290 291 292 293 294 295 296 297 298 299 762
291 292 293 294 295 296 297 298 299
292 293 294 295 296 297 298 299
293 294 295 296 297 298 299
294 295 296 297 298 299
295 296 297 298 299
296 297 298 299 367 510
297 298 299 582
298 299 618
299 566
300 301 302 303 304 305 306 307 308 309
301 302 303 304 305 306 307 308 309 698
302 303 304 305 306 307 308 309 373 730
303 304 305 306 307 308 309 502
304 305 306 307 308 309 318 694
305 306 307 308 309
306 307 308 309 554
307 308 309 622
308 309
309
310 311 312 313 314 315 316 317 318 319 782
311 312 313 314 315 316 317 318 319 626
312 313 314 315 316 317 318 319
313 314 315 316 317 318 319
314 315 316 317 318 319 678
315 316 317 318 319 794
316 317 318 319 658
317 318 319 373
318 319 478
319 754
320 321 322 323 324 325 326 327 328 329
321 322 323 324 325 326 327 328 329 726
322 323 324 325 326 327 328 329 434
323 324 325 326 327 328 329
324 325 326 327 328 329
325 326 327 328 329 690
326 327 328 329 514
327 328 329
328 329
329
330 331 332 333 334 335 336 337 338 339 374
331 332 333 334 335 336 337 338 339 766
332 333 334 335 336 337 338 339 372 630
333 334 335 336 337 338 339
334 335 336 337 338 339 462
335 336 337 338 339 506
336 337 338 339
337 338 339 380
338 339 490
339 393 474
340 341 342 343 344 345 346 347 348 349
341 342 343 344 345 346 347 348 349 606
342 343 344 345 346 347 348 349
343 344 345 346 347 348 349
344 345 346 347 348 349
345 346 347 348 349 369
346 347 348 349
347 348 349
348 349 518
349
350 351 352 353 354 355 356 357 358 359 686
351 352 353 354 355 356 357 358 359
352 353 354 355 356 357 358 359
353 354 355 356 357 358 359
354 355 356 357 358 359 594
355 356 357 358 359 454
356 357 358 359
357 358 359 558
358 359 786
359 790
360 361 362 363 364 365 366 367 368 369
361 362 363 364 365 366 367 368 369 598
362 363 364 365 366 367 368 369
363 364 365 366 367 368 369
364 365 366 367 368 369 385 778
365 366 367 368 369
366 367 368 369 418
367 368 369
368 369 590
369 646
370 371 372 373 374 375 376 377 378 379 710
371 372 373 374 375 376 377 378 379 426
372 373 374 375 376 377 378 379
373 374 375 376 377 378 379
374 375 376 377 378 379
375 376 377 378 379 662
376 377 378 379
377 378 379
378 379 534
379
380 381 382 383 384 385 386 387 388 389
381 382 383 384 385 386 387 388 389 610
382 383 384 385 386 387 388 389 550
383 384 385 386 387 388 389 542
384 385 386 387 388 389 538
385 386 387 388 389
386 387 388 389
387 388 389
388 389
389
390 391 392 393 394 395 396 397 398 399 758
391 392 393 394 395 396 397 398 399 422
392 393 394 395 396 397 398 399 574
393 394 395 396 397 398 399 734
394 395 396 397 398 399
395 396 397 398 399 702
396 397 398 399
397 398 399
398 399
399
400 401 402 403
401 402 403
402 403
403 800
404 405 406 407
405 406 407
406 407
407 802
408 409 410 411
409 410 411
410 411
411 804
412 413 414 415
413 414 415
414 415
415 806
416 417 418 419
417 418 419
418 419
419 808
420 421 422 423
421 422 423
422 423
423 810
424 425 426 427
425 426 427
426 427
427 812
428 429 430 431
429 430 431
430 431
431 814
432 433 434 435
433 434 435
434 435
435 816
436 437 438 439
437 438 439
438 439
439 818
440 441 442 443
441 442 443
442 443
443 820
444 445 446 447
445 446 447
446 447
447 822
448 449 450 451
449 450 451
450 451
451 824
452 453 454 455
453 454 455
454 455
455 826
456 457 458 459
457 458 459
458 459
459 828
460 461 462 463
461 462 463
462 463
463 830
464 465 466 467
465 466 467
466 467
467 832
468 469 470 471
469 470 471
470 471
471 834
472 473 474 475
473 474 475
474 475
475 836
476 477 478 479
477 478 479
478 479
479 838
480 481 482 483
481 482 483
482 483
483 840
484 485 486 487
485 486 487
486 487
487 842
488 489 490 491
489 490 491
490 491
491 844
492 493 494 495
493 494 495
494 495
495 846
496 497 498 499
497 498 499
498 499
499 848
500 501 502 503
501 502 503
502 503
503 850
504 505 506 507
505 506 507
506 507
507 852
508 509 510 511
509 510 511
510 511
511 854
512 513 514 515
513 514 515
514 515
515 856
516 517 518 519
517 518 519
518 519
519 858
520 521 522 523
521 522 523
522 523
523 860
524 525 526 527
525 526 527
526 527
527 862
528 529 530 531
529 530 531
530 531
531 864
532 533 534 535
533 534 535
534 535
535 866
536 537 538 539
537 538 539
538 539
539 868
540 541 542 543
541 542 543
542 543
543 870
544 545 546 547
545 546 547
546 547
547 872
548 549 550 551
549 550 551
550 551
551 874
552 553 554 555
553 554 555
554 555
555 876
556 557 558 559
557 558 559
558 559
559 878
560 561 562 563
561 562 563
562 563
563 880
564 565 566 567
565 566 567
566 567
567 882
568 569 570 571
569 570 571
570 571
571 884
572 573 574 575
573 574 575
574 575
575 886
576 577 578 579
577 578 579
578 579
579 888
580 581 582 583
581 582 583
582 583
583 890
584 585 586 587
585 586 587
586 587
587 892
588 589 590 591
589 590 591
590 591
591 894
592 593 594 595
593 594 595
594 595
595 896
596 597 598 599
597 598 599
598 599
599 898
600 601 602 603
601 602 603
602 603
603 900
604 605 606 607
605 606 607
606 607
607 902
608 609 610 611
609 610 611
610 611
611 904
612 613 614 615
613 614 615
614 615
615 906
616 617 618 619
617 618 619
618 619
619 908
620 621 622 623
621 622 623
622 623
623 910
624 625 626 627
625 626 627
626 627
627 912
628 629 630 631
629 630 631
630 631
631 914
632 633 634 635
633 634 635
634 635
635 916
636 637 638 639
637 638 639
638 639
639 918
640 641 642 643
641 642 643
642 643
643 920
644 645 646 647
645 646 647
646 647
647 922
648 649 650 651
649 650 651
650 651
651 924
652 653 654 655
653 654 655
654 655
655 926
656 657 658 659
657 658 659
658 659
659 928
660 661 662 663
661 662 663
662 663
663 930
664 665 666 667
665 666 667
666 667
667 932
668 669 670 671
669 670 671
670 671
671 934
672 673 674 675
673 674 675
674 675
675 936
676 677 678 679
677 678 679
678 679
679 938
680 681 682 683
681 682 683
682 683
683 940
684 685 686 687
685 686 687
686 687
687 942
688 689 690 691
689 690 691
690 691
691 944
692 693 694 695
693 694 695
694 695
695 946
696 697 698 699
697 698 699
698 699
699 948
700 701 702 703
701 702 703
702 703
703 950
704 705 706 707
705 706 707
706 707
707 952
708 709 710 711
709 710 711
710 711
711 954
712 713 714 715
713 714 715
714 715
715 956
716 717 718 719
717 718 719
718 719
719 958
720 721 722 723
721 722 723
722 723
723 960
724 725 726 727
725 726 727
726 727
727 962
728 729 730 731
729 730 731
730 731
731 964
732 733 734 735
733 734 735
734 735
735 966
736 737 738 739
737 738 739
738 739
739 968
740 741 742 743
741 742 743
742 743
743 970
744 745 746 747
745 746 747
746 747
747 972
748 749 750 751
749 750 751
750 751
751 974
752 753 754 755
753 754 755
754 755
755 976
756 757 758 759
757 758 759
758 759
759 978
760 761 762 763
761 762 763
762 763
763 980
764 765 766 767
765 766 767
766 767
767 982
768 769 770 771
769 770 771
770 771
771 984
772 773 774 775
773 774 775
774 775
775 986
776 777 778 779
777 778 779
778 779
779 988
780 781 782 783
781 782 783
782 783
783 990
784 785 786 787
785 786 787
786 787
787 992
788 789 790 791
789 790 791
790 791
791 994
792 793 794 795
793 794 795
794 795
795 996
796 797 798 799
797 798 799
798 799
799 998
800 801
801
802 803
803
804 805
805
806 807
807
808 809
809
810 811
811
812 813
813
814 815
815
816 817
817
818 819
819
820 821
821
822 823
823
824 825
825
826 827
827
828 829
829
830 831
831
832 833
833
834 835
835
836 837
837
838 839
839
840 841
841
842 843
843
844 845
845
846 847
847
848 849
849
850 851
851
852 853
853
854 855
855
856 857
857
858 859
859
860 861
861
862 863
863
864 865
865
866 867
867
868 869
869
870 871
871
872 873
873
874 875
875
876 877
877
878 879
879
880 881
881
882 883
883
884 885
885
886 887
887
888 889
889
890 891
891
892 893
893
894 895
895
896 897
897
898 899
899
900 901
901
902 903
903
904 905
905
906 907
907
908 909
909
910 911
911
912 913
913
914 915
915
916 917
917
918 919
919
920 921
921
922 923
923
924 925
925
926 927
927
928 929
929
930 931
931
932 933
933
934 935
935
936 937
937
938 939
939
940 941
941
942 943
943
944 945
945
946 947
947
948 949
949
950 951
951
952 953
953
954 955
955
956 957
957
958 959
959
960 961
961
962 963
963
964 965
965
966 967
967
968 969
969
970 971
971
972 973
973
974 975
975
976 977
977
978 979
979
980 981
981
982 983
983
984 985
985
986 987
987
988 989
989
990 991
991
992 993
993
994 995
995
996 997
997
998 999
999
