#
# GMT Wed Sep 30 16:57:26 2020
# 
913 934 113 786 978 780
934 10 698 759 0
846 882 108 436 508 642
882 709 838 40 92
171 828 680 782 604 352
828 2 143 712 831
102 340 75 274 482 931
340 66 443 634 209
28 623 177 322 75 606
623 683 194 218 228
341 874 802 842 649 82
874 947 78 990 337
34 153 879 899 588 52
153 404 599 7 805
56 246 293 737 544 531
246 737 29 152 397
302 304 647 690 736 112
304 181 138 885 223
378 922 448 926 894 424
922 441 22 911 992
254 482 90 597 155 646
482 875 792 162
292 334 233 275 132 140
334 559 834 987 114
166 355 708 946 633 291
355 416 424 990 894
593 917 143 965 984 557
917 814 685 466 757
540 719 222 866 953 752
719 848 701 316 23
337 502 706 322 657
502 936 673 783 890
319 692 481 228 203 794
692 997 259 431 346
161 865 493 265 250 301
865 234 198 310 558
235 467 797 9 755 891
467 627 626 492 839
368 977 135 615 610 522
977 621 430 676 408
684 847 707 927 352 480
847 959 819 616 180
386 902 920 686 333 43
902 531 275 943 835
59 532 986 357 134 268
532 425 592 458 764
578 636 357 890 560 305
636 952 980 513 96
105 649 613 889 548 444
649 149 904 46
74 783 249 549 394 726
783 756 272 430
511 877 580 271 344 111
877 898 691 40 992
646 728 50 810 706
728 688 831 929 484
276 787 855 955 705 412
787 41 462 216 536
206 724 757 642 843 110
724 377 66 733 183
392 763 449 812 247 63
763 997 342 253 273
543 778 631 64 991 956
778 856 91 667 285
736 832 619 758 79
832 316 510 940 7
914 972 259 563 576 986
972 947 632 528 149
295 716 267 120 984 24
716 377 453 297 187
685 911 73 908 567
911 301 167 44
116 788 332 907 91 89
788 360 305 782 509
279 407 662 796 459 473
407 745 517 886 999
744 767 214 42 350 565
767 305 244 875 683
268 818 555 867 666
818 470 170 605 439
512 774 184 916 936 435
774 893 46 835 283
250 990 687 948 3
990 948 534
51 121 487 211 723 30
121 22 350 603 366
50 528 962 606 167
175 925 182 314 955 435
925 390 61 406 178
91 901 505 233
901 374 524 776 220
184 598 923 324 741
598 886 344 20 373
441 694 230 11 479
694 390 90 78 494
189 869 228 796 574 668
869 216 173 987 683
209 562 221 387 601
562 799 971 915 329
285 434 641 480 530
434 251 671 456 887
710 808 439 523 338 339
808 937 960 725 367
452 627 848 103 132 535
627 958 464 735
618 801 145 916 903 204
801 237 122 654 948
46 789 130 968
789 111 799 128 507
255 640 236 565 210 253
640 11 89 146 478
843 908 192 946 310
908 440 659 773
75 999 113 290
24 382 106 722 766
382 932 656 444 156
592 982 851 145 838
982 405 666 248 933
668 814 939 651 884
814 713 711 323
261 821 229 287 601 82
821 743 277 664 816
79 393 594 374 157
393 446 449 484 675
318 755 823 315 326 580
755 826 421 492
247 941 372 829 849
941 376 174 871 995
749 950 604 490 674 307
950 706 790 988 168
327 462 418 599 136 993
462 307 996 139
275 873 77 369
873 631 45 880 405
200 675 731 207 572 353
675 634 193 713
423 428 964 845 92 525
428 381 187 414 965
338 494 734 929 786
494 999 394 703
299 892 343 807 612 880
892 596 645 639 811
374 21 362 474
305 996 906
566 617 363 437 848 637
617 225 630 637 238
223 579 890 312 400
579 963 86 602 507
920 754 225 165 404
756 963 474 60 443
613 642 986 860 585
642 966 886
284 709 732 176 443 550
709 609 403 957
198 775 568 103 17
775 204 252 71 238
397 930 840 5 703
930 661 3 168 492
215 812 463 347 632 150
812 702 717 923
879 12 194 290 242
555 953 210 591 747
953 844 669 80
297 960 493 491 69
960 654 85 64
84 150 96 839 472 362
150 71 35 761
875 968 996 214
968 658 817 635
309 413 735 529 343 962
413 288 137 760 47
554 850 303 178 538 597
850 747 409 155 799
596 643 851 743 119
349 797 872 178 381 708
797 978 484 672
118 379 557 571 190 700
379 739 474 940 437
449 848 114 146
848 903
732 90 889 29 73
381 113 962 841
165 725 980 506 176
725 185 448 721
117 689 795 721 534 896
689 507 810 264 354
316 794 475 151
794 109 772 142
372 721 371 602 257
721 457 350
322 487 928 466
487 419 985 893
251 311 604 293 752
311 933 395 9 429
380 831 942 131 391 129
831 730 417
384 665 221 366 931 196
665 777 286 529 356
310 539 459 252
539 347 439 641 60
745 457 939 608 765
711 894 720 826 895
894 13 137
942 274 609 845 486
234 739 144 733 265
106 815 905 464 899
406 510 485 938 415
510 791 108 179
501 910 547 909 493 424
910 809 32 293 857
67 76 339 576 984 195
76 574 70 560 754
88 658 896 786 531 965
658 628 217 513
375 464 569 827 5 164
464 966 628
162 287 595 667 64
287 373 660 170
429 765 415 308 731
765 446 440 855
997 477 981 515
180 943 395 973 87
943 87 751 567
141 671 19 587 123 497
671 155 301 145
809 871 187 833 867
871 158 729 414
419 856 148 218 580
856 147 317 432
916 973 363 98
973 474 401 486
68 431 420 508 862 27
431 277 179 376
395 768 286 730
479 546 201 412 762
546 681 93 513 181
904 924 650 927 587
924 542 928 89 422
575 729 693 71 298 500
729 104 54 114
134 460 776 768 949
460 40 523 154 312
85 743 129 330 356
743 975 52
347 695 427 335
99 535 192 230 594 560
535 282 764 804
10 878 231 798 768
634 770 96 110
377 895 77 450
176 389 863 412
233 266 731 475
266 753 836 361 988
90 723 174
492 574 842
574 270 157
272 177 963 834 238
224 520 271 7 454 951
520 44 837 458 320
826 864 708 214
274 78 212 173
204 870 264 912
870 364 747 637 522
363 696 572 855
696 717 726 621 438
474 55
239 591 390 570 733 588
591 328 136 101
113 324 827
351 427 581 926 806 33
427 583 476 43
524 993 769 587 611
993 864 980 508
776 465 26 777
564 707 154 33 35 750
707 823 450 300
410 762 193 192 468 614
762 519 863 534
681 38 817 128 955
213 769 971 526 229 626
769 416 109 42
197 199 506 269 654 31
199 754 538 768 722
144 477 594 746 186
477 672 15 600
551 967 891 872 258 125
967 827 644 614 876
112 545 705 759 0
545 898 92 819 956
115 834 36 680 73 830
834 435 989
559 837 15 514 888
137 242 514 939
242 72 439 23
629 885 841 186 570 438
885 688 804 130
872 720 483 32
461 803 648 370 354 414
803 624 932 735 772
23 572 530 886
572 358 185
388 453 6 738 221 229
453 937 241 66
662 516 655 504 509
221 244 469
708 817 747
817 851 945
159 172 2 889 394 935
172 819 537 727 385
236 496 541 61 906
735 18 417
77 798 358 563
225 480 748 513
480 739 781
127 946 635 957 230 947
946 576 542
36 589 44 860 895
754 880 212
93 553 14 741 829
553 647 81 232 178
547 947 190 430 727
706 409 580
230 976 526
267 385 243 0 489
385 496 898 784
463 359 100 795 758
469 811 203 367 22
811 586 984 346
92 589 739
589 259 450 249
38 529 760 986 519
529 571 280
583 537 912 163 602
101 420 969 80 168
420 695 391 289
417 954 125 715
954 248 677 43 712
243 857 440 635 252
857 290 740 389
747 919
741 810 577 217
810 37 609
425 650 465 995 142
796 965 109 858
444 861 989 536
861 549 212 813 191
216 976 147 421
976 281 40 195
802 661 633 8 508
54 723 683 672 361
723 147 680
695 883 995 187
331 686 481 939 854 138
686 888 343 670
611 998 550 663 795
998 371 333 403 208
227 346 220 945 222 824
346 95 21
837 552 712 757
737 289 350 906
263 727 3 186 290 133
727 18 231
470 505 111 342 645
505 456 476 466
207 766 169 87 883
766 129 332 253
320 813 536 497 472
813 625 504 742
87 158 70
41 253 994 294 966
605 840 130 622 430
840 57 100 30
110 915 332 588
915 577 245 283
609 237 472
661 979 432 607
959 195 969 62 800
844 918 336 65 249
192 14 533
631 701 657 816
515 753 691 170 644
753 939 203 312
761 880 357 471 820
880 531
557 61 151 86
89 985 241
985 738 445 603
481 862 265 900
1 248 240 485 27 604
248 630 752
680 478 864
522 656 604 645
656 348 47 458
687 702 222 881 860
702 638 183 132
125 785 343 584
288 683 344 497 148
683
55 32 581 80 335
170 758 314
758 358 961
569 558 633 804 499
527 653 314 486 442 158
653 182 734 718 907
595 398 883 126 666
22 100 499
149 258 599 18
258 212 602 418
947 155
604
932 693 405 868
296 506 651 5 146 672
506 878 252
98 528 466 830 657
528 437 11
356 486 790 448
486 838
447 679 935 195 442 491
679 590 836 827 970
838 163 39
69 294 303 218 358
294 387 606 576
345 408 365 697 533 491
408 154 48 164
841 558 220 71
64 845 970
177 978 6 931
571 20 42 387
471 772 918 790 770
772 773 451
509 518 862 138
518 94 281 353 6
371 97 951 690
6 253 541
253
27 152 994 867
152 415 128 126
212 404
404 600 561
286 584 876 793
584 401 603 731
15 577 864 78
577 142 726
35 514 722 612
514 697 0
651 835 757 918
78 367
705 859 823 107
859 47 563 154 173
443 825 232
825 439 440 601 682
819 600 612
303 652 265 308
717 325 131 219
18 839 450
129 992 635
992 630 793
777 7 664 130
5 143 191
688 742 795 312
742 103 740 240
389 935 53 475
9 525 887 142
94 42 952 938 625
793 829 359 898
829 399 17
307 644 773 926
644 191 48
550 62 984 700
839 565 503
669 421 45 800 771
792 616 966 940 289
739 60
401 673 921 962
2 194 987 16
893 262 503 455
66 582 700
446 333 938 194
815 432 237 648 632
195 366
722 890 730
160 454 139 300 465 190
454 104 167 704
768 820
290 615
534 907 475
907 148 208
104 418 530 348
780 962 271 448 881
962
145 71 498
862 367 697
648 949 65 489
949 989 884 211
343 269
432 383 409
107 280 974 472 0
280 748 300 582
718 791 219 203 48
791 556 905 19
229 888 974
886 391
30 387 156 300
387 567
358 884
31 964 49 313 52
964 32 548 262
537 437 987 151
147 698 433
97 995 245 652 244
549 83 12 849
937 396 888 785
81 167 459 567 123
167 899
682 699 232 863 740
699 445 608 558 748
25 437 398 123 210 491
437
390 655 418
655 542 782 4
7 663
663 205 704 714
496 323 126 806
63 241 851 323 328
241 800 210
391 896 770
619 37 854 269 751
625 599 690 315
851 324
421 360 773
896 360 364
585 884 807 120 961
884 531
293 704 995
208 544 637 359
544 887 376 720
42 442
228 659 8
659 140 945 635
156 202 45 624
202 244 196 133 169
416 563 57 193
325 185 122 526 16
738 804 205 119
80 308 448
308 231 576
905 119 693 231
32 133
456 771 639 260
771 65 21 188
785 119 691 940
600 472 624
459 353 488
581 58 621 120
835 660 897
691 260 178
878 980 866 122
996 433 868
531
720 931 751
931 139
133 174 317
174 677 313
971 163 414 715
13 19 259 975 615
19 641 614
698 523 135 991
565 57 558
556 610 37 383 561
610 333 918 131
978 899 329
103 95 396
450 853
853 664 330 3 541
128 364 912
364 597 191
438 979 394 969
979 498 436 516
259 186
49 909 291 26 273
909 897 83 260
795 57
647 806 951 570
360 570 300
244 86
760 670 615 321
439
210 278
468 730 451 201 660
730 630
876 187 262 945
898 478
622 624 332 750 214
624 70
182 376 784 321
999 521 806
249 603 525
603 822
770 824 523
824 226 130 317
986 552
493 746 169
714 944 895 270 277
944 822 400 61 226
889 344 517
533 632 854 983
632 690
667 264 154 863
111 639 833
333 478
633 650 860
264 400 580
607 713 269 39 897
713 868 983
637 530
173 645 786
645 751
530 205
181 517 321 883
628 868 536 781
495 933 674 504 135 278
933 282 678
8 367 442 887
367
746 805 536 43
805 411 436 365
193 542 582
590 594 201 426 759
594 139
497 852 641
852 926 366 352 670
987 326
65 751 483
135 278 516
936 396 362 823
269 955
660 750 424
750 168 126
552 138 43 257
314 219 970
262 457 335
895 521
599 48
503 519 799 969
164 955 678 961
955
143 476 700
827 12
61 336
138 399
237 185 451
329 845 194 398
845 359
440 29
536
232 60 83
919 938 190 281 352
641 283
398 185 526
214 86
918 348
935 849 958
220 252 108
757 306
643 354 451 975 981
344 418
226 62 842 47
158 650 426
270 672 271 676
672
455 715 402 373 899
359 73
16 339 169 654
339 131 283
864 500
855 822 854
298 779 324 912 513
779 21 587 281 965
324 222
822 541 37
635
899
131 498
4 697 652 95 521
697 33
39 626 516 124
426 538 95 988
538 369 798
782 860 488
445 816 798 11
45 586 927
542 151
957 100 412 476
734 961 82 726
961 519
616 842 108 238
842 44
888 988
179 588 601 980
588 240
887 357
47 975
108 211
800 983 211
187
650 490
523 712
638 891 715 370 820
291 666 500 823
666 561
154
587 983
561 606 142
466 273
231 317
317 483
396 490 858
507 573 956
573 188 704 673 278
271 891
183 402 491 606
403 114 764 952
963 283 83
405 414 17
12 37 677
83 677
784 981 188 412
981 701 82
654 478
912 96
132 72 139
903 867 306 712
517 124 657
219 921 400
921 608 370 457
240 983 53
983
222 366
100 473
473 336 500 52
373 136 95
256 353 906 700 60 601
353 790
277 678 620
409 970 881
119 348
348 926
120 764 376
764 677
945 483
357 365
867 657
807 273 974 568
58 218 370 361 773
218 602
169 994
994 900 489
558
465 798 336
798
621 140 422
626 752 690
582 369 820
342 20 525 14
891 53
897 586 352
282 614 568 630
29 315 136
306 975 313 923
615 365
168 70
191 974
448
519 858
513
411 620 703 326 525
620 238 715 612
283
273 281
281
751
868 155
664 433 740
114 799
457 820
490 854 289
194
73 458
939
980
748 806 498
806
140 849 485
752 570
366
260 703 163
703 816
376
415 833 970
328 488 188 399
186 402
332 988
989 900 148
155
278 53
630
799
833 759 436
938 109
674 586 122 146
612 883
883
62 157 369
483 500
500
245 361 402 124
361 11
313 163 701
71
475 17
402 673
900 196 20
673 422
354 136 211
836 866 740 991
866 196 370
289 350
130
95
188 72
365 369
44 399
952 504 733
185
491
424 485
849 124
163
418
700
217 383 597 974
759 109
422 958 541
958 148 568
863 956
740
451 929
57 435
336 927
400 435
652 906 40
906
991 315 786
442 567
567
21 362
96 969
472
70 781
489 670 3
670 17
201 693 33
881 383 48
965
211
576
704 560
126 516
516
948 53 326
639 521 196
498 436
301 330 335
11
970
570
14 678 676
53
548 608 830 676
608 82
399 484
678 335
484 858
773
923 321 731
485 816
412
203 315
315
478
82
178
988
252
60
414
20 26
370
190 526
526
928 257 157 830
3
151 951
816
394 560
823
690
860
726 430
124 33
597 499
122 508
586 951
26 157 86
436
33
984
504 146
521 929
238
205 956 458
956
927 781
109
563 257
430
146
890 804
383 733
350
435
330 433 72
40
781 362
525
804
975
712
0
602
148
926
568 323
974
541
352
969
966 265
951
854
701 693
488 929 326
362
614 476
786
433 499
139
323 123
733
136
72 499
580
560
123 830
830
715
731
321 790
196
37
677
940 676
508
601
52 858
265
858
157
657
929
48
300
335
257 312
43
676
369
995
693
606
86
499
326
476
17
458
820
790
142
312
