#
# GMT Wed Sep 30 17:02:38 2020
# stochastic_block_model
0 3 4 6 8 9 13 16
1 3 7 8 9 13 15 18
2 1 5 6 8 9 11 13 16 17 18
3 2 12 14 16 17 18
4 2 3 12 14
5 2 8 10 13 15 16 18
6 1 2 4 10 14 15 17 18
7 1 2 3 6 8 9 10 11 13 14 16 17
8 0 1 5 9 12 13 15 16 17 18
9 2 3 5 7 10 11 12 13 15 16 17 897
10 3 4 6 7 8 9 12 15 16 18
11 1 2 3 4 6 10 12 13 17
12 1 4 6 7 9 13 14 17
13 0 2 3 4 5 8 11 14 15 16
14 3 10 12 15 16 17
15 1 3 4 6 7 9 10 11 12 13 16 17 18
16 0 1 3 6 7 9 10 15
17 0 1 3 4 5 7 8 11 12 14 16 18
18 0 4 6 7 8 9 11 12 13 14 16
32 34 20 21 23 24 27 28 30
33 32 34 36 37 19 20 24 26 28 29 30 31
34 32 36 19 20 22 25 27 28
35 32 23 25 27 29 30
36 32 19 20 25 26 27 28
37 32 33 36 19 21 25 26 27 28 29 30
19 33 35 36 21 22 23 24 27 28 29 31
20 33 34 35 21 23 25 29 30
21 32 33 34 35 36 37 19 20 24 25 27 28 29 31
22 32 33 35 36 37 19 23 27 28 30 31
23 32 34 35 37 19 20 24 25 29 31
24 34 36 19 21 22 26 27 28 29
25 33 35 36 19 21 22 23 29 31
26 34 35 37 20 22 24 25 27 28 30
27 32 33 35 37 19 21 23 29 30
28 36 19 20 21 22 23 24 26 27 31
29 33 35 37 19 20 23 24 25 26 27 28 31
30 36 19 20 28 31
31 32 33 34 35 37 22 24 25 26 29 30
38 39 41 43 44 50 52 54
39 40 42 45 47 48 51 53 54 55 87
40 39 46 50 54
41 38 39 40 42 45 47 48 50 55 56
42 38 41 43 46 48 49 52 53 55 56
43 38 40 41 44 46 47 48 49 50 53 54 55
44 40 41 43 45 46 47 51 52 55 56
45 39 42 43 48 49 51 54 56
46 38 39 40 41 42 44 45 47 48 49 55
47 38 40 41 42 44 49 51 53 56
48 39 45 49 51 55
49 38 42 43 44 45 48 54 56
50 39 40 42 43 48 49 51
51 39 44 48 52 55 56
52 43 45 47 50 51 54 644
53 40 45 49 50 51 52 55
54 39 41 42 44 46 47 48 50 52 53 55 56
55 39 43 47 50 51 52 53 54 56
56 40 42 47 49 52 53 55
57 61 62 64 65 66 67 68 69 72 73 76 77
58 57 62 64 66 68 69 72 73 74 75 77
59 57 61 65 68 69 70 71 72 73 75 77
60 58 61 62 65 68 70 74 75 76
61 57 58 59 63 64 67 68 69 70 71 73
62 57 58 60 61 63 64 67 69 71 72 74
63 57 58 59 62 66 71 73 75 77
64 57 59 61 62 65 66 67 68 74 75 76
65 58 62 63 67 70 72 77
66 59 67 68 75
67 57 60 62 65 66 68 70 71 76
68 58 64 66 67 69 70 75 77
69 58 59 60 62 64 65 67 71 72 73 74 77
70 57 58 59 61 64 66 71 76 77
71 57 58 60 61 62 65 66 68 69 70 73 76
72 57 58 59 61 63 65 67 68 69 74 75 76 77
73 57 58 60 61 62 63 71 72 75 76
74 57 61 62 63 64 65 67 68 69 70 71 72 76
75 57 58 61 62 63 65 67 68 71
76 58 61 65 68 70 71 73 75 77
77 57 58 59 61 63 64 65 67 69 70 72 73 74 75 76
96 81 83 85 86 87 90 91 95
78 96 82 83 87 88 89 91 93 94
79 96 80 81 82 84 87 89 92 93 95
80 78 79 82 84 85 86 89 91 92 94 95
81 82 83 84 85 86 87 88 90 93 95
82 96 78 80 81 85 87 92 95
83 82 86 87 89 92 95
84 79 81 85 87 88 92 93 94
85 96 78 81 82 83 86 89 92 95
86 80 83 85 87 89 90 91 92 94
87 96 78 79 83 86 88 89 90 91 93
88 96 78 79 80 81 83 84 85 87 91 95
89 96 79 86 87 90 92 93 94 95
90 78 82 83 84 85 86 89 91 92 93
91 96 78 79 82 85 86 88 93 94
92 78 79 80 81 82 83 86 88
93 96 78 87 88 89 90 92
94 96 78 79 80 81 83 86 87 89 91 93
95 79 81 82 83 84 89 91 92 94
97 102 103 104 106 107 108 111 113
98 97 101 102 104 106 109 113
99 100 102 103 107 108 109 110 112
100 97 98 99 105 106 108 109 111 112 113
101 97 98 100 102 103 104 105 106 107 108 112 113
102 97 98 104 107 111 112
103 97 98 100 102 104 105 106 110 111 112
104 97 98 99 102 105 112 113
105 100 101 102 104 111 112
106 102 103 104 105 112 113
107 98 99 104 106 112 113
108 97 98 100 101 103 106 109 112 113
109 100 102 103 108 112 113
110 101 105 108 111
111 98 100 101 107 108 112 113
112 97 98 99 101 102 106 108 110 111
113 97 104 105 106 108 109 110 111 112
128 129 130 131 133 117 118 120 121 122 125 126
129 128 133 114 116 119 121 122 123 124 127
130 128 114 115 116 119 120 122 123 124
131 128 130 133 115 118 120 121 122 123 127
132 128 129 131 133 115 120 121 122 123 125 126 127
133 131 132 117 126 127
114 130 132 117 118 119 120 125 127
115 128 130 131 132 133 117 119 120 123
116 131 132 114 118 119 120 121 123 125 127
117 131 132 133 114 115 116 118 120 121 123 124 125
118 128 129 130 133 115 117 121 123 125
119 129 130 115 117 118 122 126 127
120 128 130 131 132 114 117 118 119 122 123 126
121 129 132 133 114 116 120 122 123 125 126 127
122 128 131 132 117 119 125 126 127
123 130 131 132 116 117 120 126 127
124 128 130 131 133 119 120 121 122 123 127
125 132 115 116 117 119 123
126 130 132 120 121 122 125 127
127 128 129 130 131 132 133 115 117 118 119 121 123
134 138 139 142 144 146 151
135 137 139 140 142 143 144 145 146 147 151 152
136 134 135 137 141 144 146 148 149 150 151
137 134 142 143 144 146 147 150
138 136 139 144 148 149 152
139 136 137 140 142 144 149 151
140 134 136 138 139 141 151
141 134 136 137 138 139 145 146 149 152
142 134 135 136 138 140 141 143 144 145 146 148 152
143 138 139 142 144 147 148 149 152
144 134 136 137 138 139 140 142 143 146 147 149 152
145 138 140 143 147 149 150 151
146 134 138 139 140 141 142 143 147 150
147 134 135 136 137 138 139 142 146 148 149 150 151
148 134 135 139 140 142 143 144 145 146 147 150 151
149 134 137 140 142 143 147 148 150 151
150 135 136 140 141 143 145
151 135 137 138 140 143 147 152
152 134 135 136 138 140 141 143 144 145 151
160 163 165 169 170 171 154 155 156 157 159
161 162 163 164 166 168 170 171 153 157 159
162 161 164 166 168 171 154 155 157 158
163 160 162 165 168 169 170 171 154 155 157 158 159
164 161 165 167 169 170 155 156 157
165 162 163 164 166 168 169 154
166 160 167 168 169 170 154 156 158 159
167 162 163 168 169 156 157 159
168 161 164 165 166 171 154 155 157
169 160 162 166 170 154 157 158
170 160 163 164 165 166 171 157 158
171 161 168 154 155 157 158 159
153 160 161 166 167 158 159
154 160 163 164 166 171 153 155 156 158
155 162 163 164 165 169 171 154 156
156 164 168 169 170 171 153 154 157 158 159
157 161 162 163 168 171 153 155
158 162 163 164 167 168 169 170 157
159 160 161 162 163 170 154 155 156
172 173 174 176 178 179 180 181 182 189
173 172 175 179 180 182 183 187 189 190
174 173 178 183 185 186 188 190
175 172 178 179 181 184 185 186 187 188 189 190 191
176 173 174 178 180 182 183 184 186 188 189 191
177 175 179 180 182 183 185 187 190
178 174 175 182 186 187 188 189 190 191
179 176 177 178 185 191
180 174 183 184 186
181 174 180 182 183 186 187 191
182 173 174 175 176 181 183 184 185 186 187 191
183 172 174 175 176 178 179 180 182 184 186 187 188 190
184 174 179 181 182 183 185 186 187 189 190 191
185 174 176 177 179 183 184 186 187 190 191
186 5 172 173 174 175 177 180 181 183 187 190
187 174 175 176 177 182 183 188 190
188 172 176 177 179 180 181 184 186 189
189 172 173 174 178 184 187 188 190 191
190 172 173 174 175 177 178 179 181 184 185 186 187
191 172 173 174 175 181 183 186 189 190
192 193 194 196 201 203 206 207 209 210 211
193 192 194 195 198 199 201 202 203 204 206 207 208 211
194 192 196 197 198 199 200 203 204
195 192 193 194 196 197 203 206 208 210 211
196 195 197 199 200 201 204 205 208 210
197 192 194 198 200 205 206 207 209 210 211
198 192 193 194 195 197 201 202 203 204 205 206 208 209 211
199 192 194 195 196 197 198 201 202 207 208 209 210
200 192 195 197 198 202 203 205 207 209
201 192 193 194 196 199 200 203 204 205 211
202 196 198 199 200 201 203 204 205 207 208 210 211
203 192 193 195 196 199 201 202 208
204 192 193 198 202 205 208 210 211
205 192 197 198 199 201 202 206 208 211
206 197 198 199 202 203 204 207 211
207 192 193 196 198 199 200 202 204 206 208 210 211
208 193 197 199 200 201 203 205 207 209 210 211
209 192 202 203 205
210 194 195 196 197 198 199 201 202 207 211
211 192 197 200 201 202 203 207 208 209 210
212 213 215 216 217 218 220 221 222 223 224 225 226 227 229
213 216 217 218 219 220 221 222 224 230 231
214 212 215 217 218 221 224 226 227 228 231 232 233
215 214 216 218 220 223 224 225 227 228 229 230
216 213 214 218 219 220 221 224 225 226 229 231 232
217 212 213 221 223 224 227 228 230 231
218 212 213 215 217 220 221 222 226 230 231 232
219 212 214 215 216 220 221 222 225
220 212 214 215 216 217 218 223 225 227 228 230 231
221 213 215 216 217 219 224 225 226 228 229
222 212 213 214 215 218 219 223 225 226 227 228 230 231
223 212 216 217 218 226 228
224 213 216 217 218 220 221 222 225 229 230 231 232 233
225 213 214 218 219 220 221 222 226 227 228 229 230 231 233
226 212 216 217 219 221 222 227 228 229 230 231
227 213 214 217 219 220 222 226 230 231 232
228 216 217 218 220 221 227 229 230 232
229 213 217 220 221 224 225 226 227 231
230 212 213 224 228 229 232 233
231 216 217 218 220 222 226 228 229 230 233
232 218 219 220 221 222 224 225 229 231
233 212 214 216 219 225 226 227 229 230 232
234 237 238 242 243 249 250 253
235 234 236 238 239 240 244 246 247 248 250 251 252 254
236 235 239 242 243 251 252 253
237 234 236 238 239 241 245 248 249 250 252
238 234 237 239 244 246 248 250 252 254
239 238 244 245 247 248 249 253
240 241 243 247 249 251
241 235 237 243 246 247 250 251 252 253
242 234 236 237 238 243 245 246 247 248 251 252 254
243 237 239 240 244 248 249 250 252 253
244 234 235 237 238 241 242 243 245 246 248 249 251 253
245 234 235 236 238 239 240 242 244 246 247 251 253 254
246 234 236 238 240 241 244 245 249 250
247 237 240 241 242 248 253
248 235 239 240 241 243 245 246 247
249 239 240 242 243 246 247 248 250 251 253 254
250 238 241 243 245 246 247 248 251 253 254
251 234 236 237 239 240 241 242 243 245 248 252
252 236 238 239 241 242 243 244 249 254
253 234 238 239 242 243 245 246 247 248 249 250 254
254 234 237 238 239 240 241 246 247 253
256 257 258 260 261 262 264 265 268 269 270 255
257 256 258 259 263 266 270 274
258 262 263 264 265 267 268 269 270 271 255
259 116 257 258 262 263 264 266 268 269 271 273 274 255
260 256 258 263 264 265 266 269 272
261 257 259 262 263 266 269 270 271 272 273 255
262 256 258 259 267 268 269 270 271
263 256 261 262 264 266 267 268 270 271 272 274
264 256 259 260 261 262 269 272 255
265 256 257 258 259 261 263 267 269 270 271
266 256 265 267 272 273
267 259 261 264 270 271 272 274
268 256 261 263 265 266 270 272 273 274
269 270 274 255
270 256 258 259 260 262 264 266 269 271 272 273
271 258 259 260 262 265 266 269 270 274
272 257 258 260 261 262 265 266 270 271 274 255
273 257 260 262 267 269 270 272 274
274 258 259 260 261 262 265 266 267 270 271 272
255 256 257 258 259 266 267 268 270 271 272 273 274
288 291 278 280 281 282 283 284 285
289 288 292 276 277 278 282 284
290 288 289 292 276 277 278 279 283 284 285 287
291 288 290 275 276 277 278 279 280 284 285 286 287
292 288 289 290 291 275 279 280 281 282 285
275 288 290 292 279 280 281 283 284 285 286
276 289 290 291 292 275 277 279 284 286 287
277 288 289 276 278 279 281 282 284
278 288 290 291 275 276 281 283 286
279 289 291 275 276 277 278 280 281 283 284 286
280 292 276 281 283 284 285 286 287
281 288 289 290 291 292 275 277 278 282 284 285 287
282 289 291 292 275 277 280 281 283 286
283 288 290 291 292 276 277 278 279 280 281 282 286 287
284 291 279 280 282 287
285 288 276 278 280 281 283 287
286 288 275 279 282 283 287
287 290 279 281 282 283 285
293 294 295 298 300 304 306 307
294 293 296 300 301 302 306
295 293 294 297 299 300 301 303 304 306 307 308
296 295 298 302 303 304 305 306 310
297 294 296 298 299 301 302 304 305 306 308 309 310
298 293 294 299 303 304 307 308 310
299 293 297 300 306 307 308 309 310 915
300 293 294 295 296 297 299 301 304 305 306 310
301 293 294 296 299 302 303 305 310
302 293 299 303 305 307
303 294 296 299 301 304 305 306 308 310
304 293 295 301 302 308 309 310
305 293 294 296 297 298 299 301 302 307 308 309
306 294 296 299 301 302 303 308 310
307 293 294 295 296 297 304 306 308 310
308 297 298 299 302 303 304
309 297 298 299 302 303 304 306 307
310 294 296 298 299 301 302 307 309
320 325 328 329 311 312 316 317 319
321 320 328 313 315
322 320 321 323 324 325 327 330 311 314 316 317 319
323 320 321 324 328 330 311 312 313 314 319
324 320 325 326 329 330 311 315 316 319
325 322 323 327 328 330 313 314 316 317
326 323 325 327 314 317 318
327 320 321 322 325 328 329 330 313 315 318
328 320 322 325 329 330 311 313 316 317 318
329 321 325 326 311 313 316 318
330 325 326 328 312 313 318 319
311 320 321 322 324 326 330 312 314 315 316 317
312 321 322 323 324 328 329 330 311 314 316 318 319
313 320 321 325 311 315 318 319
314 321 322 324 326 328 315 317 318 319
315 320 321 323 327 328 329 314 317 319
316 324 327 328 329 330 311 314 315 319
317 320 321 322 324 325 328 311 314 316 318
318 321 323 324 325 328 330 313 317
319 321 322 327 328 330 311 313 315 316
331 332 334 335 337 339 340 341 342 344 347 349 351 352
332 335 336 337 338 341 344 349 350 351
333 331 332 336 337 338 339 341 343 345 346 348 349 350 351
334 333 337 338 340 342 345 346 347 349 350 351 352
335 334 336 338 339 344 347 348 349 350 351 352
336 331 332 333 337 338 339 342 343 345 347 348 350 351 352
337 332 333 334 335 336 338 340 341 347 350 352
338 332 333 337 342 343 344 348 349 350
339 333 336 337 340 342 346 348 349 350 351
340 331 333 334 335 337 341 345 346 347 352
341 331 332 333 335 337 338 347 348 352
342 335 336 337 338 339 343 345 348 352
343 331 332 333 334 337 338 339 341 342 345 350
344 331 333 335 336 338 341 343 345 350 352
345 331 333 334 335 337 341 342 343 344 346 348 349 352
346 333 334 335 336 338 339 342 343 345 351
347 331 332 334 336 338 340 341 344 345 346 349 351
348 331 332 334 335 339 340 342 346 347 350 351
349 332 334 337 338 340 342 344 351 352
350 333 335 336 337 339 345 347 351
351 334 335 338 339 340 342 343 345 346 350 352 606
352 331 332 337 338 342 343 345 347
353 355 359 360 362 364 365 366 372
354 353 355 356 358 360 361 363 365 368 371 372
355 353 354 356 357 359 360 362 363 366 367 371 372
356 353 355 358 359 363 365 366 367
357 353 354 355 359 360 362 364 367 369 370 371
358 354 355 356 359 362 363 364 365 368 369 370
359 353 354 356 357 358 360 362 363 364 365 366 368 370 371
360 353 355 358 359 363 364 365 366 367 369 370 371 372
361 354 356 359 360 363 364 365 366 370
362 353 354 355 363 364 365 366 368 369 370
363 353 354 356 357 358 359 361 362 366 368 369 370
364 353 355 357 362 365 367 369 370 371 372
365 76 357 359 360 364 366 369 370
366 353 354 355 362 364 365 371
367 353 360 362 364 365 366 370
368 353 355 356 358 363 364 365 367 369 371 372
369 353 355 358 360 361 363 365 367 368 370 372
370 355 356 357 359 360 363 364 365 367 371 372
371 353 355 357 358 360 361 363 364 365 368 369 372
372 355 361 362 363 367 368 370 371
384 385 386 387 390 391 373 374 375 379
385 388 389 390 391 374 375 378 379 380 381 383
386 385 387 375 377 383
387 384 386 391 373 375 380 383
388 385 386 389 390 376 377 378 380 381
389 384 388 390 391 373 375 376 377 379 381 382 383
390 385 388 389 391 373 375 379 382 383
391 386 388 373 374 375 376 377 380
373 386 388 389 391 375 377 378 379 382 383
374 385 387 388 389 390 391 375 376 378 379 382
375 387 389 390 391 380 381 382
376 384 386 390 391 377 379 380 381
377 384 386 374 375 382 383
378 385 388 390 391 375 377 380 381
379 388 390 373 374 375 376 377 378 380 381 382
380 386 387 388 389 391 373 375 377 381 382 383
381 384 385 387 388 389 390 391 378
382 386 388 389 373 374 375 376 377 378 380 383
383 387 391 373 374 377 379 380
392 393 397 398 403 405 406 410 411
393 392 402 403 404 407 410 411
394 392 393 395 397 403 404 405 407 409 410 411
395 392 398 399 401
396 392 397 399 407 408 411
397 392 393 394 396 398 399 401 403 406 411
398 394 399 400 403 405 406 407 410
399 392 393 394 395 396 398 401 402 410
400 392 393 394 398 402 404 406 407 410
401 395 404 405 406 407 409 410 411
402 393 395 398 401 404 406 408 409 410 411
403 393 397 401 404 405 406 407 409 411
404 392 393 394 395 396 398 399 401 405 409 411
405 392 393 394 396 397 403 404 407 408 409 411
406 396 397 398 399 400 404 405 407 408 409 410
407 393 395 396 397 398 401 402 403 405 408 409 410 411
408 393 395 399 400 401 402 405 407 410
409 393 397 398 399 403 405 406 408
410 393 394 396 397 400 405 408 409
411 394 395 396 397 398 399 400 401 402 403 404 406
416 419 420 421 424 426 427 413 414 415
417 416 418 419 420 425 427 428 412 413
418 417 419 420 421 423 425 413 414
419 418 422 423 425 426 414
420 417 418 421 423 426 428 412 413 414
421 416 417 418 419 424 426 415
422 417 418 419 420 424 427 428
423 416 419 420 421 426 428 412 413 415 970
424 417 420 428 415 652
425 418 421 422 424 414
426 418 420 421 422 423 428 413
427 416 417 419 420 421 424 412 413 415
428 416 419 420 422 426 414 415
412 418 419 421 423 424 425 426 413 414
413 417 418 419 420 421 425 426 412 415
414 416 417 418 421 422 423 424 425 426 428 412 415
415 417 418 421 422 425 426 427 428 414
429 431 432 434 436 437 439 441 442 444 447
430 434 435 436 437 441 442 443 445 447
431 429 430 433 434 435 436 440 441 443 444 446
432 431 434 435 436 437 438 440 443 445 446
433 430 431 434 436 437 438 439 442
434 15 429 430 433 436 439 442 443 445 446
435 429 431 433 434 436 441 442 443 444 445 446
436 431 438 440 443 444
437 430 431 432 435 436 438 443 447
438 429 431 434 435 436 437 441 442 443 444 445 447
439 429 430 431 432 433 436 437 438 440 442 445 446 447
440 433 435 436 441 442 445
441 430 432 433 434 435 436 437 438 439 440 443 445
442 431 432 433 434 435 437 441 443 444 447
443 431 433 434 438 439 440 442 444 447
444 429 430 432 434 435 436 437 439 445 446
445 429 430 431 433 434 435 436 438 439 443 446 447
446 430 434 436 439 441 442 443 444 445 447
447 429 430 431 433 435 436 438 439 441 442 443 445
448 449 452 453 455 457 460 462 463 464 465
449 450 451 455 459 460 461 463 464
450 248 449 456 458 462 463 464 466 467
451 448 452 453 455 456 458 459 462 467
452 449 451 453 454 455 456 457 458 460 463 467
453 458 459 460 462
454 449 450 451 453 456 457 458 461 462 464 465 466
455 448 449 450 451 452 454 460 461 463 464 465 466 467
456 452 454 460 465 466
457 448 450 451 452 453 455 456 458 460 461 463 466 467
458 449 451 452 454 459 461 462 463 464 467
459 448 452 453 454 455 457 458 460 467
460 448 449 450 451 454 455 459 463 464 465 466
461 448 449 451 452 453 454 456 457 462 463 464 466 467
462 448 449 451 455 458 459 460 461 463 464 465 466
463 449 450 452 454 456 457 458 460 461 462 464
464 448 450 451 453 454 456 458 459 460 466 467
465 448 452 453 457 458 460 461 462 467
466 450 452 453 454 455 457 459 460 462 464 465
467 452 453 456 457 458 459 461 462 464 465
468 470 473 475 476 478 479 481 482 486
469 472 475 476 477 478 480 481 482 487 488
470 468 471 472 478 485
471 468 469 473 474 475 476 477 479 482 484 485 486
472 468 469 470 471 473 474 479 480 481 486
473 469 472 474 478 485 486 487
474 468 470 471 473 477 478 480 484 485 486 487 488
475 468 474 483 484 486 487 488
476 469 470 471 472 475 477 478 482 485 486 487 488
477 469 471 472 473 478 480 483 484
478 471 474 475 479 483 484 487 488
479 468 469 471 474 475 477 478 482 483 485 486 488
480 470 471 472 473 474 475 476 479 481 482 483 485 486 488
481 469 471 472 474 475 478 479 480 482 483 485 486 487
482 469 470 474 475 480 481 487 488
483 469 472 476 477 479 480 481 488
484 468 469 470 472 473 474 475 478 482 488
485 468 473 478 479 480 481 484 487 488
486 471 473 476 477 480 481 483 485
487 469 475 479 480 483 485 488
488 469 476 480 481 484 486 487
489 491 492 493 496 497 499 503 504 506
490 369 492 493 494 496 497 498 500 503 504 507
491 490 492 493 494 495 497 500 503 505 507 763
492 489 497 499 500 501 504 505
493 489 491 494 495 498 500 502
494 489 492 493 496 497 499 500 501 502 505
495 489 490 491 496 502 504 505 506 507
496 490 494 497 498 501 502 503 504 506 507
497 489 490 493 495 499 500 503 504 506 507
498 490 496 499 500 501 503 506 507
499 490 495 496 497 500 501 502 505 506
500 489 490 494 496 498 499 502 503 505 506
501 489 491 493 494 495 496 497 498 500 504 505 506
502 490 492 495 500 503 506 507
503 489 491 492 493 495 496 499 500 501 506 827
504 490 491 493 496 500 502 503 506
505 489 490 496 498 499 500 501 503 504 506 507
506 489 492 494 500 501 504
507 489 490 492 493 494 496 500 506
512 513 516 520 522 523 524 525 508
513 512 516 519 520 521 522 527 510
514 519 521 522 525 527 508 509 511
515 514 522 525 526 527
516 512 513 514 515 518 519 520 522 523 524 525 526 527 508 510 511
517 513 514 515 518 519 521 523 524 525 526 508
518 512 513 515 516 517 520 524 526 527 508 510 511
519 512 513 520 522 523 525 526 508 509 510
520 516 523 526 511
521 512 514 515 516 519 523 524 527 508
522 516 518 524 526 511
523 512 513 517 518 521 524 525 527 508 510
524 514 515 516 517 519 520 522 527 510
525 513 515 516 519 521 524 526 527 509 510
526 512 513 514 518 520 521 523 524 525 509 655
527 514 515 518 519 523 525 508 509 510
508 514 515 516 517 520 521 522 523 524 510 511
509 512 513 514 515 516 517 519 521 523 525 526 508 511
510 512 514 515 516 517 518 519 521 524 527 508 509 511
511 515 516 521 522 524 527 510
544 531 532 533 534 537 539 540
545 546 528 529 532 533 534 535 537 539 542
546 544 545 529 530 531 532 533 534 535 536 539 541 542
547 544 545 546 529 530 531 535 536 539 542 543
528 546 547 529 530 533 534 535 540
529 544 528 530 531 536 539
530 544 545 546 547 531 532 535 536 537 539 540 541 543
531 544 547 528 530 532 533 536 537 538 540 541 542 543
532 544 546 528 530 534 537 538 540 541
533 544 547 528 531 534 535 536 538 539 541 542 543
534 544 545 528 531 532 535 538 539 540 542
535 545 546 529 530 534 536 537 538 539 542 543
536 545 546 547 528 529 532 537 538 540 542 543
537 545 547 528 532 533 534 535 536 539 542 543
538 547 533 534 535 539 540 542
539 175 547 528 529 531 533 534 535 536 541 542
540 544 546 528 530 532 537 539 542
541 544 545 547 528 529 532 534 535 536 537 538 539 543
542 544 547 528 530 531 532 533 536 538 539 540
543 544 545 546 528 531 533 534 535 541
548 558 560 561 566
549 550 552 553 554 555 557 559 560 561 562 563 567
550 551 552 555 556 557 558 559 560 561 562 565 566
551 550 553 555 556 558 561 562 564 565 567
552 548 549 551 555 556 557 561 563 564 565 566 568
553 549 550 555 556 557 559 560 563 564 565
554 549 550 552 558 562 563 564 567
555 548 550 556 557 559 560 563 565 566 567
556 548 549 550 551 552 555 557 558 560 562 564 565 566 908
557 550 552 553 555 558 561 562 563 566
558 548 552 554
559 548 549 553 557 558 562 568
560 548 551 555 556 561 563 564 566 567 568 605
561 549 551 553 554 557 559 560 562 563 565 567 568
562 549 550 551 556 559 561 563 565 566
563 548 549 556 557 558 561 562 564 565 566 567 568
564 549 553 555 556 557 559 560 561 563 565 567
565 551 555 558 560 561 566 816
566 548 549 550 552 553 555 563 564 565 567
567 549 551 553 554 557 558 560 562 563 565 566
568 550 551 558 559 561 562 564 567
576 577 578 579 580 569 571 572 573 574 575
577 578 582 583 574 575
578 577 579 580 583 584 570 571 572 573 575
579 577 580 581 584 569 570 572 573 574 575
580 336 582 583 584 585 569 570 571 574 575 677
581 578 582 583 584
582 577 578 580 581 583 569 571 575
583 577 578 579 580 581 569 570 571 572 573 575
584 576 579 580 581 583 570 572 574 575
585 576 577 578 579 580 581 569 570 572 575
569 578 580 581 582 585 570 573 574 575
570 576 583 574
571 579 581 582 583 585 569 570 572
572 576 577 581 570 573 574 575 925
573 576 578 582 569 570 571 574 575
574 576 577 578 579 580 581 582 585 569 573
575 578 581 583 585 569 573 574
586 581 587 588 593 594 596 597 600 602 603 604 605 606
587 589 591 593 596 599 600 601 602 604 606
588 586 587 589 590 594 596 598 599 600 603 606
589 586 588 590 591 592 595 597 598 601 602 604 606
590 586 587 589 592 593 594 595 600 601 602 603 606
591 586 587 589 592 593 595 596 598 600 602 604 605 606
592 588 594 595 597 598 601 602 603 605
593 589 590 595 598 600 601 604
594 587 588 589 590 595 597 602 604 605 606
595 586 588 590 591 594 596 604 605
596 589 591 592 593 595 600 603 604 606
597 586 587 588 589 590 591 593 595 599 600 601 602 604 605 606
598 588 590 595 596 599 600 601 603 606
599 280 586 588 589 591 593 601 605 606
600 587 588 590 592 593 594 598 599 605 606
601 521 586 588 590 591 592 593 596 597 598 600 603 604
602 587 589 591 594 595 597 598 601 605
603 587 590 592 593 594 597 598 601 602 606
604 587 588 590 592 593 594 599 600 601 602 606
605 586 587 591 592 593 594 596 597 598 600 602 603 604 606 672
606 588 589 592 593 594 595 597 599 600 602 605
608 609 613 615 617 619 620 621 607
609 615 617 620 622 623
610 608 609 612 613 614 616 618 620 622 623 607
611 608 609 610 616 619 620 622 607
612 610 611 614 618 619 620 621 623
613 611 614 616 617 607
614 609 611 619 620 621 607
615 610 611 614 616 618 619 620 623 607
616 609 611 614 615 618 619 621 622 623 607
617 608 609 616 618 621 622
618 609 611 612 616 617 619 620 607
619 608 609 610 611 615 617 618 622
620 608 609 615 617 621 623
621 613 616 617 619 620
622 609 610 611 614 615 616 617 621 623 607
623 611 612 613 614 615 617 620 621 622
607 610 612 613 614 621
624 625 626 628 629 632 633 634 635 636 637
625 626 628 629 630 632 633 636
626 624 625 627 629 630 634 635 637
627 624 625 631 632 638
628 625 626 627 632 633 634 635 636 637
629 624 630 632 633 634 636 638
630 631 632 638
631 626 627 628 629 633 636 637 638
632 624 633 634 635 637 638
633 625 626 629 632 634 635 636 637 638
634 624 625 626 627 630 631 633 635 636 637
635 75 624 625 626 629 630 631 632 633 634 636 637 638
636 626 628 629 631 637 638
637 625 628 629 631 633 634 638
638 624 625 627 629 630 631 632 633 634 637
640 642 644 647 650 651 653 656
641 640 642 644 647 648 649 651 653 654 639
642 640 643 645 646 648 651 653 654
643 642 649 650 653 654 655 656 639 729
644 640 642 643 650 652 654
645 640 641 642 643 646 647 650 653 655 656 639
646 640 641 642 643 645 648 649 650 651 653 654 655 656
647 640 641 643 645 646 650 654 655 639
648 641 643 646 647 649 652 653 656 639
649 644 648 652 653 655 656 639
650 641 643 647 648 651 652 653 655
651 641 642 645 646 647 648 649 650 652 653 654 656
652 641 642 643 645 649 651 654
653 643 649 651 654 639
654 641 643 644 647 648 649 650 653
655 640 641 643 646 650 651 654 639
656 642 643 645 647 648 650 651 652 653 639
639 641 642 644 649 651 652 653 654 656
672 659 662 667 669 670
673 672 657 658 660 661 666 668 671
674 673 657 664 665 666 667 668 670 671
657 673 659 660 662 665 666 667 669
658 672 673 657 662 664 665 667 668 670
659 672 658 661 662 663 664 666 669 670 671
660 658 659 662 664 669 670
661 674 659 663 664 666 671
662 673 674 658 659 663 664 666 668 671
663 673 674 659 661 662 664 665 666 669 670
664 672 673 658 659 660 666 667 668 669 670 671
665 672 673 674 657 659 660 662 666 670
666 657 658 659 661 663 665 667 668 669 670 671
667 673 674 660 661 663 665 666 669 671
668 672 673 674 657 658 661 663 664 666 670 671 696
669 339 674 658 660 665 666 670 671
670 673 674 659 660 661 663 666 667 671
671 672 674 657 658 659 660 662 663 665 666 667
675 676 680 681 682 683 684 685 686 687 688 691 694
676 13 679 680 686 687 689 690 692 693 694
677 675 676 678 679 680 682 683 686 687 691 692 694 695
678 676 679 680 685 688 690 693
679 675 677 680 681 683 685 686 689 690 692 695
680 675 679 681 682 685 688 689 690 691 692
681 675 677 679 683 684 686 687 689 691 693 695
682 675 677 679 681 685 693 694
683 675 677 679 681 682 689 690 694 695
684 675 676 677 678 679 680 681 683 688 691 693 695
685 676 678 680 681 683 684 688 689 691 692 694
686 675 678 679 680 683 688 690 691 694
687 676 677 680 683 685 689 694 695
688 676 678 680 681 683 684 686 689 690 691 694
689 676 677 678 679 682 683 684 685 687 693 694 695
690 677 679 680 682 684 686 687 688 691 692 694 695
691 675 676 677 679 681 682 683 685 686 687 692 694 695
692 677 679 680 681 682 683 684 686 687 688 689 691 695
693 675 676 679 680 681 682 683 684 687 688 690 691 692 695
694 676 679 681 685 687 690 691 692 693
695 677 678 681 682 683 685 687 689 690 691 693 694
696 699 701 702 704 705 707 710 713 714
697 696 698 699 700 704 706 709 711
698 696 700 702 703 707 708 710 713 715
699 700 702 703 704 705 706 707 709 710 711 713 715 716
700 696 697 699 701 702 704 706 712 714
701 696 702 709 711 712 713 714 716
702 696 697 698 699 701 703 706 710 715 716
703 698 699 700 702 705 709 710
704 700 701 703 705 708 715 716
705 696 698 699 702 703 706 707 708 710 711
706 697 698 699 702 703 704 708 709 711 713
707 696 698 699 702 703 705 706 712 716
708 698 699 700 701 705 706 707 710 713 714 715
709 697 698 699 701 702 704 707 710 711 713 714 716
710 700 705 706 709
711 697 698 700 701 705 707 708 709 713 714 716
712 698 699 700 701 702 704 707 709 715 716
713 229 699 700 701 702 705 707 710 711 712 716
714 698 700 701 702 705 706 709 711 712 713
715 697 698 703 704 705 711 712 716
716 696 698 700 701 704 711 712 713
717 718 720 724 725 726 728 729 730 731
718 720 724 731 733
719 717 721 724 725 726 730 731 733
720 717 719 723 724 725 726 728 730 731 732 733
721 717 718 719 720 725 726 729 731 732 733
722 719 721 724 726 727 729 730 731 732
723 717 720 722 724 725 726 728 729 730
724 718 720 722 723 726 727 729 730 731 733
725 202 718 719 720 721 724 727 729 730
726 717 718 719 721 722 723 729 731 732 733
727 717 719 723 725 730 731 732 905
728 717 718 719 720 723 725 726 727 729 732 733
729 717 718 719 722 723 727 731 732
730 719 721 726 729 731
731 720 721 723 727 730 733
732 717 719 723 725 727 730 731 733
733 717 719 720 721 722 724 725 728 731 732
734 736 737 738 744 745 746 747 748 749 753 754
735 734 736 737 738 741 742 743 744 746 748 749 751 754
736 734 741 742 744 745 746 749 750 751 754
737 739 743 744 748 749 750 751 754
738 740 743 745 746 753 754
739 734 737 740 742 743 744 745 748 749 750 752 753
740 734 736 737 741 742 744 745 746 749 750 751 752 754
741 735 736 737 738 739 743 744 746 747 748 750 751
742 734 735 740 741 743 745 746 749 750 753
743 735 740 741 742 747 750 753 754
744 736 737 738 739 741 743 745 747 748 750
745 735 736 738 746 749 750 751 752 753 754
746 735 737 745 747 750 751 752 754
747 737 742 745 746 748 751
748 734 735 736 738 739 740 744 749 752
749 734 736 738 739 740 741 744 746 747 752 754
750 737 744 746
751 734 735 736 738 739 742 746 748 752 753 754
752 734 736 737 738 739 740 743 749 751 754
753 735 737 738 740 741 743 745 746 748 750
754 740 741 746 747 748 752
768 771 772 757 759 760 762 763 764
769 771 772 755 756 757 758 760 761 762 763 764 765 766 767
770 768 769 772 755 758 760 761 764 767
771 755 756 758 759 760 761 766
772 696 769 770 755 756 758 760 763 764 765 767
755 772 757 761 764 765
756 770 772 755 760 761 762 763 765
757 768 769 770 771 755 759 760 765
758 768 770 772 757 759 760 764 765 766 767
759 768 770 772 760 761 763 766 767
760 769 770 772 755 757 761 764 766 767
761 768 770 756 758 764
762 768 769 770 772 755 757 758 759 763 764 765 767
763 768 770 771 756 757 759 762 766
764 768 771 772 755 756 757 758 760 765 766
765 768 772 755 757 758 763
766 771 757 759 761 762 763 764 765
767 768 769 755 757 758 760 761 762 766
773 775 776 777 781 784 786 787 788 789 790 791
774 775 777 780 781 782 783 786 788 790
775 773 774 777 779 781 782 784 785 786 787 788 789 790 791
776 773 774 780 781 782 783 786 788 789
777 773 774 775 778 781 784 786 787 788 790
778 774 775 780 782 783 784 785 788
779 774 778 781 783 785 787 788 789 790
780 774 777 783 784 785 787 788 790 791
781 775 776 777 780 783 784 790
782 773 774 778 780 784 785 788 790
783 774 777 779 784 787 788 789 791
784 773 774 776 777 778 782 783 786 787
785 777 778 782 788 790 791
786 773 774 775 779 784 785 787 789 791
787 776 777 778 779 781 782 784 785 788 790 791
788 774 775 776 777 784 789 791
789 774 776 777 779 780 781 782 783 785 786 787 788 790 791
790 774 775 776 777 780 782 785 786 788 791
791 775 776 778 779 780 781 782 784 785 787
800 801 804 808 792 794 795
801 803 807 808 809 792 793 794
802 800 801 803 805 808 809 810 793 794
803 802 804 805 807 808 810 792 793 794 798
804 589 800 802 805 806 807 808 809 810 793 795
805 801 802 804 807 809 792 794 795 796
806 800 802 808 809 810 796 797
807 803 804 806 808 809 796
808 803 804 809 810 792 793 794 795 796 797
809 802 803 804 805 806 808 810 793 795 796 798 799
810 800 801 803 804 806 807 809 792 795 799
792 803 804 805 808 810 793
793 802 803 804 805 806 807 808 810 794 798 799
794 800 801 805 807 809 792 793 795 796 797 798 799
795 800 801 804 806 807 808 809 810 794 798
796 801 802 805 806 808 810 792 793 795 798 799
797 800 802 803 806 809 810 793 795 796 798 799
798 801 802 803 805 807 793 795 796 797
799 238 802 806 807 792 794 797
811 813 814 818 820 821 822 823 824 825 829 830
812 811 815 817 819 826 828 830
813 811 814 815 817 818 819 820 821 823 827 828
814 811 813 815 818 819 822 823 824 825 828 830
815 811 812 813 814 816 819 821 822 826 830
816 811 813 815 817 822 825 826 830
817 812 813 814 815 819 821 824 825 829 830
818 811 813 817 822 823 827
819 812 813 814 817 821 822 823 824 825 826
820 811 812 814 817 821 823 824 826 827 829 830
821 811 812 814 816 818 820 822 823 824 825 827
822 813 815 816 820 821 824 825 827 828 829 830
823 813 819 824 825 828
824 812 816 817 818 822 825 828 829 830
825 812 814 815 818 820 823
826 811 812 814 815 816 820 821 823 824 829
827 811 813 815 816 818 824 826 830
828 811 813 815 817 819 823 825 827 829
829 811 812 813 818 819 820 821 822 823 824 826 828
830 812 818 822 823 824 826 827 828
831 833 834 836 838 839 840 841 843 844 845 846 847 848 849 851
832 835 836 838 839 843 849 850 851
833 831 832 834 838 839 840 842 845 846 847 849 850 851
834 832 833 835 839 841 842 846 848 849 850 851
835 834 836 840 841 844
836 839 840 842 845 846 847 848 849 851
837 831 832 839 840 841 846 847
838 441 834 835 836 837 839 840 848 850
839 831 833 834 835 846 847 848 849
840 831 834 835 836 839 841 842 843 846 848 849 850
841 833 835 836 839 840 844 845 846 847 851
842 832 835 839 844 845 848 849
843 831 833 834 836 837 838 840 845 848 849
844 831 832 833 836 839 841 846 847 849 850 851
845 831 832 834 835 836 839 840 843 847 851
846 834 836 838 841 843 844 847 849
847 831 834 835 836 848 850
848 831 833 834 835 837 838 839 840 841 842 843 845 847 849 851
849 831 833 834 836 839 840 841 842 846 850
850 831 834 835 841 842 844 845 846 848 849
851 832 833 836 837 838 842 843 845 849 850
852 853 855 856 860 861 864 868 869 870
853 854 855 859 861 864 865 866 868 869 872
854 853 855 858 860 863 865 868 869
855 853 858 861 865 867 868 869 872
856 854 857 861 864 867 870 871 872
857 852 853 855 856 858 859 860 861 862 866 867 868 872
858 853 855 856 860 861 862 865 868 870
859 860 861 864 868 869 870 871
860 853 855 857 858 859 861 862 863 865 866 867 870 872
861 853 854 858 864 865 866 872
862 852 854 855 856 858 859 860 864 866 867 868 869 871 872
863 853 854 856 857 864 867 868
864 856 857 860 869 871
865 855 856 859 861 862 867 868 869 870 871 872
866 96 859 860 862 865 868 869 872 977
867 852 854 855 857 858 861 862 865 866 868 870 872 968
868 852 853 854 860 861 862 867 869 870 871 872
869 857 859 862 863 871 872
870 79 608 852 856 857 860 863 867
871 853 858 859 860 861 862 863 864 866 868
872 651 852 855 856 858 859 861 862 863 866 867 868 869 870
873 880 883 884 886 889
874 875 876 877 879 881 883 884 885 886 888 891
875 878 880 883 885 886 887 888 890 891
876 874 875 878 881 882 889
877 873 874 878 880 882 884 885 887 892
878 828 873 875 876 879 880 883 885 888 890 892
879 875 876 884 885 886 889 891
880 873 874 877 878 881 886 888 891
881 873 875 876 880 887 888 889 892
882 875 876 878 879 880 881 884 885 886 887 889 890
883 874 878 880
884 874 876 877 878 885 887 888 892
885 876 882 883 884 887 888 892
886 874 877 878 880 882 888 889
887 874 876 883 886 888 892
888 874 875 876 879 880 881 885 887 892
889 874 876 877 883 885 886 888 891 892
890 876 877 880 883 886 889
891 876 878 879 882 883 884 885 889 890 892
892 876 878 879 880 881 884 887 890 891
896 898 906 910 912 893
897 898 900 903 904 905 906 907 911 894
898 901 904 905 906 908 912 895
899 897 898 901 902 903 907 908 909 910 912 913
900 897 898 901 902 904 906 909 911 912 913
901 896 897 898 900 902 904 905 906 907 908 909 910 911 912 894
902 898 900 901 904 907 908 911 912 893 895
903 897 900 902 906 909 912 895
904 900 902 906 907 908 909 910 911 912 913 893 894 895
905 896 899 906 910 913 893 895
906 896 897 899 901 905 909 910 912 894 895
907 897 898 900 901 902 903 905 909 912 913
908 898 899 900 902 903 905 910 911 912 913 895
909 896 897 898 900 901 903 904 906 910 911 912 893 894 895
910 897 899 900 902 906 908 909 911 913 893 895
911 896 897 899 900 901 903 905 906 907 912 895
912 896 898 900 903 905 906 908 910 913 894 895
913 897 900 904 907 908 911 912 893
893 898 901 903 906 907 910 911
894 898 899 903 904 907 909 910 911 913 893
895 899 901 905 908 911 913
928 929 930 932 916 919 920 922 923 926
929 928 930 931 933 919 920 922 923 924 925 926
930 931 933 917 920 921 923 924 926 927
931 930 914 916 917 918 920 921 922 927
932 929 930 915 916 918 920 921 922 923 926 927
933 928 929 932 914 915 924 925 926 927
914 928 929 930 931 916 917 919 921 926
915 928 932 933 914 917 921 924
916 928 917 920 921 922 923 924 926 927
917 931 914 918 919 920 922 924 927
918 928 930 931 932 915 917 920 921 922 923 924 925 926 927
919 928 929 931 932 933 917 920 921 922 924 926
920 929 931 932 933 914 915 916 917 919 923 926 927
921 929 930 931 933 917 925 926
922 930 931 933 915 917 918 920 924 926
923 928 929 930 931 914 915 918 922 924 925
924 928 929 930 931 914 915 918 919 920 921 922 923 926 927
925 928 929 931 933 918 920 921 922 923 926 927
926 928 929 931 933 917 918 919 921 923 927
927 929 931 933 914 915 919 920 921 922 924 926
934 935 936 940 941 942 943 944 945 947
935 934 939 940 942 944
936 937 938 939 940 942 945 950
937 938 939 942 943 944 945 946 948 949 951
938 935 937 939 940 941 942 946 948
939 934 936 938 941 943 944 945 948 949 950 951
940 934 939 941 942 943 945 946 948 951
941 934 936 937 938 944 945 946 948 950 951
942 935 937 938 939 941 948 949 950 951
943 936 938 940 941 942 946 947 948 950
944 936 937 938 939 941 943 945 946 948 949 950
945 934 935 936 937 938 939 940 942 943 944 946 947 948 949 951
946 934 935 937 938 940 941 942 943 945 947 948
947 935 937 938 942 945 951
948 938 939 940 941 942 945 947 950
949 934 935 936 940 944 946 947 948 950 951
950 935 936 941 942 944 948 949 951
951 938 941 944 947 949
960 964 965 967 968 969 952 953 954 955 957 958
961 960 962 964 965 966 953 954 955 957 958 959
962 960 963 964 965 967 955 958 959
963 964 968 969 955 956 959
964 960 967 969 953 956 957 958 959
965 963 966 969 953 955 958 959
966 960 962 963 964 967 968 969 957 958
967 960 961 963 965 956 958
968 961 962 965 966 952 953 955 958 959
969 960 964 966 953 954 957 958
952 960 961 966 968 969 953 954 955 958 959
953 960 962 963 968 952 955 956 959
954 960 963 965 968 953 956 959
955 960 961 964 965 968 956 957 959
956 960 962 963 964 965 966 968 952 957 959
957 227 961 962 966 967 953 959
958 962 964 965 966 968 952 953 956 957
959 961 962 963 964 966 952 953 954 955 958
970 971 972 974 975 977 980 981 982 983 986
971 970 972 975 977 979 983 985
972 970 971 974 975 977 978 980 985 988
973 970 971 976 979 980 983 984 985
974 970 975 977 982 983 984
975 698 970 972 981 982 984 985 987 988
976 972 975 979 981 982 984 986 988
977 976 978 981 983 986 987 988
978 970 971 972 973 974 975 976 979 980 983
979 971 973 975 976 978 980 982 983 984 987 988
980 970 972 974 975 977 978 981 982 983
981 970 972 973 974 976 977 978 980 982 983 985 987 988
982 970 972 978 983 985 988
983 971 973 974 975 976 977 978 980 982 984 985 987 988
984 970 971 973 974 975 978 979 981 985 986 987
985 970 973 976 977 979 980 981 982 983 984 986 988
986 970 973 976 979 980 984 985 988
987 972 973 974 975 976 982 985 988
988 971 972 973 974 976 978 979 980 983 984 986 987
992 996 997 989
993 992 994 995 998 989
994 995 996 998 989 990 991
995 994 996 999 989 990 991
996 997 998 999
997 992 998 999 989 990 991
998 992 993 994 996 991
999 993 995 998 989 991
989 999 990 991
990 994 997 991
991 994 995 998 999 989
